"","SNP_ID","Chromosome","Position","S0881","S1057","S1087","S1689","S1697","S1698","S1703","S1704","TA057","TA137","TA153","TA205","TA217","TA242","TA285","TA293","TAMex0091.1","TAMex0153.1","TAMex0238.1","TAMex0396.1","TAMex0446.1","TAMex0455.2","TAMex0520.1","TAMex0608.5","TAMex0624.1","TAMex0643.1","TAMex0775.2","TAMex0930.1","TAMex1083.1","TAMex1111.1","TAMex1195.2","TAMex1222.2","TAMex1308.1","TAMex1321.1","TAMex1344.2","TAMex1422.2","TAMex1488.1","TAMex1561.2","TAMex0005.1","TAMex0077.1","TAMex0240.2","TAMex0299.1","TAMex0382.2","TAMex0482.2","TAMex0483.1","TAMex0488.1","TAMex0509.1","TAMex0621.2","TAMex0819.1","TAMex0840.1","TAMex0855.2","TAMex0901.2","TAMex0925.1","TAMex0942.1","TAMex0966.1","TAMex1005.1","TAMex1136.1","TAMex1165.1","TAMex1340.1","TAMex1349.2","TAMex1391.2","TAMex1437.1","TAMex1508.4","TAMex0050.1","TAMex0106.1","TAMex0167.1","TAMex0181.2","TAMex0207.2","TAMex0438.1","TAMex0515.1","TAMex0517.1","TAMex0568.1","TAMex0645.1","TAMex0667.1","TAMex0757.1","TAMex0845.2","TAMex0849.3","TAMex0918.2","TAMex0947.1","TAMex0982.1","TAMex1139.2","TAMex1298.4","TAMex1348.3","TAMex1358.1","TAMex1439.2","TAMex1443.1","TAMex1467.1","TAMex0267.2","TAMex0280.3","TAMex0400.1","TAMex0403.1","TAMex0412.1","TAMex0495.1","TAMex0514.1","TAMex0544.1","TAMex0587.1","TAMex0613.2","TAMex0766.2","TAMex0785.1","TAMex0874.1","TAMex0897.2","TAMex1069.2","TAMex1087.1","TAMex1107.1","TAMex1160.1","TAMex1178.1","TAMex1246.3","TAMex1271.2","TAMex1283.1","TAMex1429.2","TAMex1452.1","TAMex1465.1","TAMex1481.1","TAMex1535.2","TAMex1560.2","TAMex0021.1","TAMex0113.1","TAMex0274.1","TAMex0324.1","TAMex0329.1","TAMex0356.1","TAMex0405.1","TAMex0419.1","TAMex0448.1","TAMex0457.1","TAMex0464.2","TAMex0511.1","TAMex0522.1","TAMex0557.1","TAMex0773.1","TAMex0852.1","TAMex0856.2","TAMex0883.1","TAMex0943.1","TAMex1034.1","TAMex1144.2","TAMex1354.1","TAMex1364.2","TAMex1393.1","TAMex1395.1","TAMex1460.1","TAMex1519.1","TAMex1554.1","TAMex0031.1","TAMex0114.1","TAMex0143.1","TAMex0150.3","TAMex0225.1","TAMex0380.3","TAMex0418.1","TAMex0575.1","TAMex0614.2","TAMex0626.2","TAMex0629.1","TAMex0999.1","TAMex1072.1","TAMex1129.1","TAMex1140.1","TAMex1157.1","TAMex1392.1","TAMex1505.1","TAMex1571.1","S1705","TA029","S0887","S1688","S1695","S1701","TA023","TA024","TA085","TA086","TA097","TA098","TA169","TA170","TA202","TA225","TA257","TA258","TA289","TA290","TA297","S1702","TA069","TA070","TA102","TA103","TA197","TA198","TA109","TAMex0025.2","TAMex0126.2","TAMex0127.1","TAMex0157.2","TAMex0163.1","TAMex0236.1","TAMex0257.1","TAMex0330.1","TAMex0410.2","TAMex0490.1","TAMex0566.1","TAMex0681.1","TAMex0725.1","TAMex0747.2","TAMex0761.4","TAMex0805.1","TAMex0894.1","TAMex0971.1","TAMex0979.1","TAMex0993.2","TAMex0995.1","TAMex1030.1","TAMex1113.4","TAMex1231.1","TAMex1551.1","TA013","TA014","S1690","TA005","TA145","TA177","TA178","TA194","TA195","TAMex0090.1","TAMex0123.1","TAMex0130.1","TAMex0177.2","TAMex0186.2","TAMex0325.1","TAMex0332.2","TAMex0433.1","TAMex0462.2","TAMex0499.1","TAMex0567.1","TAMex0651.2","TAMex0714.1","TAMex0765.2","TAMex0813.1","TAMex0853.2","TAMex1018.1","TAMex1105.1","TAMex1219.2","TAMex1445.2","TAMex0043.1","TAMex0146.1","TAMex0149.2","TAMex0224.1","TAMex0250.1","TAMex0251.1","TAMex0256.3","TAMex0269.2","TAMex0441.1","TAMex0465.3","TAMex0471.2","TAMex0636.2","TAMex0668.1","TAMex0814.1","TAMex0824.1","TAMex0895.1","TAMex0919.1","TAMex1036.1","TAMex1102.1","TAMex1115.1","TAMex1207.1","TAMex1353.2","TAMex1369.1","TAMex1472.1","TAMex1546.2","TAMex0046.1","TAMex0068.1","TAMex0189.3","TAMex0199.3","TAMex0216.3","TAMex0230.1","TAMex0268.1","TAMex0307.2","TAMex0539.1","TAMex0599.3","TAMex0697.1","TAMex0861.1","TAMex0927.1","TAMex0985.1","TAMex1000.1","TAMex1149.1","TAMex1202.2","TAMex1350.3","TAMex1500.1","TAMex1567.1","TAMex0037.1","TAMex0038.1","TAMex0139.2","TAMex0187.2","TAMex0333.2","TAMex0372.2","TAMex0500.2","TAMex0504.3","TAMex0582.1","TAMex0657.1","TAMex0854.2","TAMex0890.1","TAMex0917.1","TAMex1013.3","TAMex1053.1","TAMex1163.1","TAMex1223.1","TAMex1268.1","TAMex1312.1","TAMex1559.1","TAMex0010.3","TAMex0093.1","TAMex0110.1","TAMex0205.1","TAMex0213.1","TAMex0285.1","TAMex0301.1","TAMex0316.2","TAMex0317.1","TAMex0385.1","TAMex0588.2","TAMex0634.3","TAMex0688.1","TAMex0693.1","TAMex0825.1","TAMex0902.1","TAMex0945.1","TAMex0952.1","TAMex1239.2","TAMex1244.1","TAMex1569.1","TAMex0014.1","TAMex0065.3","TAMex0148.1","TAMex0214.1","TAMex0348.2","TAMex0434.1","TAMex0444.1","TAMex0551.1","TAMex0555.1","TAMex0656.1","TAMex0677.2","TAMex0737.2","TAMex0756.2","TAMex0759.2","TAMex0839.2","TAMex0892.1","TAMex0933.1","TAMex1078.1","TAMex1092.1","TAMex1146.1","TAMex1248.2","TAMex1316.1","TAMex1398.1","TAMex1404.1","TAMex1557.1","TAMex0003.2","TAMex0039.1","TAMex0069.1","TAMex0104.2","TAMex0108.3","TAMex0227.3","TAMex0358.2","TAMex0389.1","TAMex0398.3","TAMex0526.1","TAMex0640.1","TAMex0689.1","TAMex0699.1","TAMex0703.2","TAMex0820.2","TAMex0860.1","TAMex0876.2","TAMex0929.1","TAMex0989.1","TAMex1015.1","TAMex1063.1","TAMex1156.4","TAMex1164.2","TAMex1167.2","TAMex1275.1","TAMex1373.3","TAMex1531.1","TAMex0111.2","TAMex0171.1","TAMex0261.1","TAMex0478.1","TAMex0786.2","TAMex0900.1","TAMex0908.1","TAMex0973.1","TAMex1039.1","TAMex1114.1","TAMex1198.1","TAMex1247.2","TAMex1258.1","TAMex1260.2","TAMex1305.1","TAMex1396.1","TAMex1409.2","TAMex1525.2","TAMex1539.1","TAMex1549.1","TAMex0095.3","TAMex0103.2","TAMex0185.1","TAMex0222.1","TAMex0272.2","TAMex0283.1","TAMex0297.1","TAMex0379.1","TAMex0447.1","TAMex0538.1","TAMex0610.1","TAMex0619.2","TAMex0660.1","TAMex0726.1","TAMex0738.2","TAMex0744.2","TAMex0790.1","TAMex0830.1","TAMex0975.1","TAMex0981.1","TAMex1003.1","TAMex1055.1","TAMex1266.1","TAMex1356.4","TAMex1363.2","TAMex1417.1","TAMex1425.1","TAMex1442.3","TAMex1537.1","TAMex0045.2","TAMex0067.2","TAMex0073.2","TAMex0138.1","TAMex0266.1","TAMex0387.2","TAMex0458.1","TAMex0473.2","TAMex0615.1","TAMex0671.1","TAMex0685.2","TAMex0728.2","TAMex0762.1","TAMex0782.2","TAMex0791.1","TAMex0887.2","TAMex0997.1","TAMex1068.1","TAMex1125.2","TAMex1126.1","TAMex1192.4","TAMex1217.1","TAMex1342.3","TAMex1493.1","TAMex1506.1","TAMex1548.2","TAMex1575.1","TA077","TAMex0193.3","TAMex0270.5","TAMex0342.1","TAMex0428.1","TAMex0429.1","TAMex0445.1","TAMex0550.3","TAMex0680.1","TAMex0722.1","TAMex0802.1","TAMex0817.1","TAMex0822.1","TAMex0831.1","TAMex0878.2","TAMex1052.1","TAMex1284.1","TAMex1301.1","TAMex1337.2","TAMex1352.2","TAMex1383.2","TAMex1399.1","TAMex1410.2","TAMex1474.1","TAMex1504.1","TAMex1524.1","TAMex0026.1","TAMex0036.2","TAMex0092.1","TAMex0155.1","TAMex0241.1","TAMex0252.1","TAMex0347.2","TAMex0364.1","TAMex0463.1","TAMex0573.1","TAMex0583.3","TAMex0684.1","TAMex0716.1","TAMex0801.2","TAMex1001.1","TAMex1106.1","TAMex1112.1","TAMex1118.1","TAMex1168.1","TAMex1336.1","TAMex1414.2","TAMex1528.1","TAMex1566.1","TAMex0070.1","TAMex0154.3","TAMex0231.1","TAMex0235.2","TAMex0304.2","TAMex0344.1","TAMex0390.1","TAMex0512.1","TAMex0592.1","TAMex0612.2","TAMex0628.1","TAMex0891.1","TAMex1031.1","TAMex1220.3","TAMex1276.1","TAMex1407.1","TAMex1461.2","TAMex1480.1","TAMex1516.1","TAMex0078.1","TAMex0122.2","TAMex0156.1","TAMex0215.3","TAMex0370.2","TAMex0393.1","TAMex0431.2","TAMex0470.1","TAMex0547.1","TAMex0721.1","TAMex0727.1","TAMex0784.1","TAMex0899.1","TAMex0961.2","TAMex0986.2","TAMex1245.2","TAMex1323.3","TAMex1386.2","TAMex1433.1","TAMex1450.1","TAMex1464.2","TAMex1477.2","TAMex1530.2","S0768","TA249","TAMex0118.1","TAMex0719.1","TAMex1040.1","TAMex1104.4","TAMex1109.1","TAMex1306.1","TAMex1447.2","TAMex1541.2","TAMex0115.1","TAMex0278.1","TAMex0548.1","TAMex0574.1","TAMex0579.2","TAMex0806.1","TAMex0832.1","TAMex0858.2","TAMex0915.1","TAMex0924.1","TAMex0976.1","TAMex0980.2","TAMex1057.1","TAMex1243.2","TAMex1423.1","TAMex1458.2","TAMex1484.1","TAMex1501.1","TA222","TA223","S1692","S1693","S1694","S1700","S1706","TA125","TA157","TAMex0141.1","TAMex0170.2","TAMex0255.1","TAMex0311.2","TAMex0366.2","TAMex0449.1","TAMex0474.2","TAMex0542.1","TAMex0559.3","TAMex0652.1","TAMex0691.1","TAMex0750.1","TAMex0753.2","TAMex0763.2","TAMex0872.1","TAMex0879.1","TAMex0937.1","TAMex1033.1","TAMex1151.4","TAMex1218.5","TAMex1232.3","TAMex1277.1","TAMex1327.1","TAMex1346.1","TAMex1448.1","TAMex1466.2","TAMex1544.1","TAMex0035.1","TAMex0047.1","TAMex0112.1","TAMex0198.1","TAMex0245.3","TAMex0247.3","TAMex0306.2","TAMex0331.1","TAMex0377.1","TAMex0384.1","TAMex0424.1","TAMex0450.1","TAMex0597.3","TAMex0598.1","TAMex0631.2","TAMex0635.2","TAMex0678.1","TAMex0875.2","TAMex0921.1","TAMex1062.1","TAMex1071.1","TAMex1110.1","TAMex1154.1","TAMex1204.1","TAMex1326.1","TAMex1419.2","TAMex1454.1","S1696","TA002","TA105","TA117","TAMex0033.1","TAMex0052.1","TAMex0076.1","TAMex0079.1","TAMex0164.2","TAMex0176.1","TAMex0242.1","TAMex0263.2","TAMex0287.1","TAMex0318.1","TAMex0363.2","TAMex0442.1","TAMex0472.2","TAMex0528.1","TAMex0564.1","TAMex0700.4","TAMex0752.2","TAMex0799.1","TAMex0898.1","TAMex0931.1","TAMex0974.1","TAMex1137.1","TAMex1285.1","TAMex1384.2","TAMex1408.3","TAMex1432.2","TAMex1446.1","TAMex1485.1","TAMex1522.1","TAMex0004.1","TAMex0024.1","TAMex0105.1","TAMex0197.1","TAMex0211.1","TAMex0253.2","TAMex0374.1","TAMex0391.2","TAMex0475.1","TAMex0481.3","TAMex0494.1","TAMex0554.1","TAMex0594.4","TAMex0607.3","TAMex0618.1","TAMex0662.1","TAMex0767.2","TAMex0796.2","TAMex0816.1","TAMex0843.2","TAMex0949.1","TAMex1044.1","TAMex1048.1","TAMex1085.1","TAMex1162.1","TAMex1216.4","TAMex1230.2","TAMex1279.2","TAMex1490.1","TAMex1497.1","TAMex0027.2","TAMex0032.1","TAMex0083.1","TAMex0165.1","TAMex0226.1","TAMex0289.1","TAMex0291.1","TAMex0335.1","TAMex0341.2","TAMex0351.2","TAMex0359.2","TAMex0525.1","TAMex0533.1","TAMex0561.1","TAMex0644.1","TAMex0683.1","TAMex0768.2","TAMex0792.2","TAMex0811.2","TAMex0873.1","TAMex0905.2","TAMex0963.1","TAMex1073.1","TAMex1074.1","TAMex1121.1","TAMex1242.1","TAMex1394.2","TAMex1427.2","TAMex0048.1","TAMex0071.3","TAMex0094.1","TAMex0233.1","TAMex0381.1","TAMex0426.1","TAMex0604.4","TAMex0623.2","TAMex0670.1","TAMex0682.1","TAMex0706.1","TAMex0734.2","TAMex0751.2","TAMex0862.1","TAMex0896.2","TAMex0977.1","TAMex0983.2","TAMex1028.1","TAMex1045.1","TAMex1138.2","TAMex1197.2","TAMex1288.3","TAMex1378.2","TAMex1390.1","TAMex1438.1","TAMex1462.2","TAMex1469.2","TAMex1534.2","TAMex0028.1","TAMex0100.2","TAMex0144.1","TAMex0249.1","TAMex0286.2","TAMex0308.1","TAMex0314.2","TAMex0319.2","TAMex0414.1","TAMex0422.1","TAMex0497.2","TAMex0501.1","TAMex0585.2","TAMex0666.1","TAMex0674.1","TAMex0715.1","TAMex0732.2","TAMex0818.1","TAMex0978.1","TAMex1120.1","TAMex1124.2","TAMex1169.4","TAMex1502.1","TAMex1529.2","TAMex1574.1","S1106","S1691","WB0021a","TA025","TA026","TA062","TA063","TA143","TA163","TA245","TA253","TA263","TAMex0007.1","TAMex0023.3","TAMex0116.1","TAMex0184.1","TAMex0202.2","TAMex0218.1","TAMex0276.1","TAMex0328.2","TAMex0360.3","TAMex0383.1","TAMex0540.1","TAMex0549.1","TAMex0611.1","TAMex0650.1","TAMex0705.1","TAMex0708.1","TAMex0733.2","TAMex0779.2","TAMex0869.1","TAMex0916.1","TAMex0932.2","TAMex1027.1","TAMex1042.1","TAMex1066.1","TAMex1103.1","TAMex1123.2","TAMex1233.1","TAMex1558.1","TAMex0082.1","TAMex0239.1","TAMex0288.1","TAMex0349.2","TAMex0378.1","TAMex0456.1","TAMex0485.2","TAMex0489.1","TAMex0545.1","TAMex0616.2","TAMex0633.2","TAMex0687.1","TAMex0724.2","TAMex0857.1","TAMex0970.1","TAMex1094.1","TAMex1143.1","TAMex1263.1","TAMex1264.1","TAMex1302.1","TAMex1310.1","TAMex1322.1","TAMex1332.1","TAMex1428.1","TAMex1434.1","TAMex1449.1","TAMex1496.1","TAMex1518.1","TAMex0151.3","TAMex0158.1","TAMex0273.1","TAMex0284.1","TAMex0516.1","TAMex0529.1","TAMex0638.1","TAMex0696.1","TAMex0769.2","TAMex0804.1","TAMex0807.2","TAMex0809.2","TAMex1019.1","TAMex1049.1","TAMex1064.1","TAMex1152.1","TAMex1177.2","TAMex1355.3","TAMex1455.1","TAMex1509.1","TAMex0169.1","TAMex0260.1","TAMex0350.1","TAMex0368.2","TAMex0386.1","TAMex0452.1","TAMex0477.1","TAMex0480.1","TAMex0625.1","TAMex0764.1","TAMex0798.2","TAMex0821.1","TAMex0906.1","TAMex1002.1","TAMex1006.2","TAMex1054.1","TAMex1058.1","TAMex1081.1","TAMex1119.1","TAMex1147.1","TAMex1300.1","TAMex1360.1","TAMex1366.2","TAMex1382.2","TAMex1430.2","TAMex1463.1","TAMex1568.1","TA049","TA050","TA209","TA210","TA037","TA038","TA149","TA150","TA237","TA238","TA129","TA130","TA045","TA046","TA302","TA303","TA043","TA044","S1699","S1708","TA133","TA134","TA215","TA216","TA277","TA278","S0728","S1707","TA122","TA123","TA182","TA183","TA269","TA270","TIP-281A","TIP-365-A","TIP-521","TIP-301-A","TIP-462","TIP-282A","TIP-366-A","TIP-523","TIP-454","TIP-285A","TIP-458","TIP-287A","TIP-260A","TIP-330-A","TIP-496","TIP-305-A","TIP-466","TIP-293A","TIP-370-A","TIP-375-A","TIP-529","TIP-265A","TIP-343-A","TIP-347-A","TIP-304-A","TIP-296A","TIP-380-A","TIP-534","TIP-267A","TIP-351-A","TIP-508","TIP-263A","TIP-338-A","TIP-498","TIP-276A","TIP-359-A","TIP-309-A","TIP-469","TIP-272A","TIP-356-A","TIP-512"
"341","PZA00493.1","4","multiple","T/T","T/T","T/T","C/T","T/T","T/T","T/T","T/T","T/T","T/T","T/T","T/T","T/T","T/T","T/T","T/T","T/T","T/T","T/T","T/T","T/T","T/T","T/T","T/T","T/T","C/T","T/T","T/T","-/-","T/T","T/T","-/-","-/-","-/-","T/T","-/-","-/-","T/T","T/T","T/T","C/C","-/-","C/T","T/T","C/T","T/T","T/T","C/T","-/-","T/T","T/T","-/-","-/-","C/T","-/-","-/-","T/T","T/T","-/-","T/T","T/T","-/-","-/-","C/T","C/C","T/T","T/T","C/T","T/T","T/T","T/T","T/T","T/T","T/T","T/T","T/T","-/-","T/T","-/-","-/-","-/-","-/-","T/T","-/-","-/-","T/T","T/T","T/T","T/T","T/T","T/T","T/T","T/T","T/T","T/T","T/T","T/T","T/T","-/-","-/-","T/T","-/-","T/T","-/-","-/-","T/T","T/T","C/T","T/T","-/-","T/T","-/-","T/T","-/-","T/T","T/T","T/T","C/T","T/T","T/T","T/T","T/T","-/-","T/T","-/-","T/T","C/T","C/T","T/T","T/T","-/-","T/T","-/-","T/T","-/-","T/T","-/-","C/T","C/T","T/T","T/T","C/T","C/T","T/T","T/T","T/T","T/T","T/T","T/T","T/T","T/T","T/T","T/T","T/T","T/T","T/T","T/T","T/T","-/-","T/T","T/T","T/T","T/T","T/T","T/T","T/T","T/T","C/T","T/T","T/T","T/T","T/T","T/T","C/C","C/T","T/T","T/T","C/T","C/T","C/T","T/T","T/T","C/T","C/T","T/T","T/T","T/T","T/T","T/T","T/T","T/T","T/T","T/T","T/T","T/T","T/T","T/T","T/T","T/T","T/T","T/T","T/T","T/T","T/T","T/T","T/T","-/-","-/-","-/-","-/-","-/-","-/-","T/T","T/T","T/T","T/T","T/T","T/T","T/T","T/T","T/T","T/T","T/T","T/T","T/T","T/T","T/T","T/T","T/T","T/T","T/T","T/T","T/T","T/T","T/T","T/T","T/T","T/T","T/T","-/-","-/-","T/T","T/T","T/T","T/T","T/T","T/T","T/T","T/T","T/T","T/T","T/T","T/T","T/T","T/T","T/T","-/-","T/T","-/-","T/T","-/-","T/T","-/-","-/-","-/-","T/T","T/T","-/-","-/-","-/-","T/T","T/T","T/T","T/T","T/T","T/T","C/T","C/T","T/T","T/T","C/T","T/T","T/T","T/T","T/T","T/T","-/-","T/T","-/-","C/T","C/T","T/T","T/T","C/T","T/T","T/T","T/T","T/T","T/T","T/T","C/C","T/T","-/-","C/T","C/T","T/T","-/-","T/T","C/T","-/-","T/T","T/T","T/T","T/T","C/T","T/T","T/T","C/C","T/T","T/T","T/T","T/T","T/T","T/T","T/T","-/-","-/-","T/T","T/T","-/-","T/T","-/-","T/T","T/T","T/T","T/T","T/T","T/T","T/T","T/T","T/T","T/T","T/T","T/T","T/T","-/-","T/T","-/-","-/-","T/T","-/-","T/T","T/T","T/T","T/T","-/-","T/T","T/T","-/-","T/T","T/T","C/T","T/T","T/T","T/T","T/T","T/T","T/T","T/T","T/T","T/T","-/-","T/T","T/T","T/T","T/T","T/T","T/T","T/T","-/-","-/-","T/T","T/T","T/T","T/T","T/T","T/T","-/-","-/-","T/T","-/-","-/-","T/T","-/-","T/T","T/T","-/-","-/-","T/T","T/T","-/-","T/T","-/-","T/T","C/C","T/T","T/T","T/T","T/T","T/T","T/T","T/T","-/-","T/T","T/T","T/T","C/T","T/T","T/T","-/-","C/T","-/-","-/-","-/-","T/T","T/T","-/-","T/T","-/-","C/T","T/T","-/-","T/T","T/T","T/T","T/T","T/T","T/T","T/T","C/T","T/T","T/T","C/C","T/T","T/T","T/T","-/-","-/-","-/-","-/-","-/-","T/T","T/T","T/T","T/T","T/T","T/T","-/-","T/T","C/C","T/T","C/C","T/T","T/T","C/T","C/C","T/T","T/T","C/C","-/-","T/T","-/-","-/-","C/C","-/-","C/T","T/T","-/-","C/T","C/T","C/T","T/T","-/-","C/C","-/-","C/T","T/T","T/T","T/T","-/-","T/T","C/T","C/C","C/T","T/T","C/C","C/C","C/T","-/-","T/T","T/T","T/T","-/-","-/-","C/T","C/T","-/-","T/T","C/T","T/T","T/T","T/T","C/T","T/T","C/T","C/T","T/T","T/T","T/T","T/T","C/T","T/T","-/-","C/T","C/T","T/T","-/-","T/T","T/T","C/T","T/T","T/T","T/T","T/T","T/T","T/T","T/T","T/T","T/T","T/T","T/T","T/T","-/-","T/T","-/-","T/T","T/T","-/-","-/-","T/T","C/T","C/T","T/T","C/T","T/T","C/T","-/-","-/-","-/-","T/T","T/T","T/T","T/T","T/T","T/T","T/T","-/-","-/-","-/-","-/-","-/-","-/-","-/-","-/-","T/T","-/-","T/T","-/-","C/T","C/C","T/T","T/T","T/T","T/T","T/T","T/T","C/T","T/T","T/T","C/C","T/T","T/T","T/T","C/C","T/T","T/T","T/T","T/T","T/T","C/T","T/T","-/-","-/-","T/T","T/T","C/T","C/C","T/T","-/-","T/T","-/-","-/-","T/T","T/T","T/T","T/T","C/T","T/T","T/T","T/T","T/T","T/T","C/T","T/T","T/T","C/T","T/T","T/T","T/T","C/T","T/T","C/T","T/T","-/-","-/-","-/-","-/-","-/-","-/-","-/-","-/-","T/T","C/T","C/T","T/T","T/T","T/T","T/T","C/T","C/T","T/T","C/T","T/T","C/T","T/T","T/T","T/T","C/T","T/T","C/T","T/T","T/T","-/-","T/T","-/-","-/-","-/-","-/-","-/-","T/T","C/T","-/-","-/-","T/T","-/-","-/-","T/T","T/T","T/T","T/T","T/T","T/T","C/T","C/T","C/T","T/T","C/T","T/T","C/T","C/T","T/T","-/-","T/T","C/T","-/-","T/T","-/-","T/T","T/T","T/T","-/-","T/T","-/-","C/C","C/T","C/T","T/T","T/T","T/T","T/T","-/-","T/T","T/T","T/T","T/T","T/T","T/T","T/T","T/T","T/T","T/T","-/-","-/-","-/-","T/T","T/T","T/T","C/T","C/T","T/T","T/T","T/T","T/T","T/T","T/T","T/T","T/T","T/T","T/T","-/-","C/T","T/T","C/T","T/T","T/T","T/T","-/-","-/-","-/-","-/-","C/T","-/-","T/T","-/-","-/-","-/-","-/-","T/T","T/T","-/-","-/-","T/T","T/T","T/T","T/T","T/T","T/T","T/T","T/T","T/T","T/T","T/T","T/T","T/T","T/T","T/T","T/T","T/T","-/-","T/T","-/-","-/-","-/-","T/T","T/T","T/T","T/T","-/-","T/T","T/T","T/T","C/T","T/T","T/T","C/T","T/T","T/T","T/T","-/-","T/T","T/T","T/T","T/T","C/T","T/T","T/T","-/-","T/T","T/T","T/T","T/T","T/T","T/T","T/T","T/T","T/T","-/-","-/-","-/-","C/T","T/T","-/-","-/-","T/T","-/-","T/T","T/T","C/T","C/T","T/T","T/T","T/T","T/T","T/T","T/T","-/-","T/T","T/T","-/-","-/-","-/-","T/T","-/-","-/-","T/T","T/T","-/-","T/T","-/-","T/T","T/T","C/C","T/T","T/T","T/T","C/T","C/T","C/T","T/T","T/T","T/T","C/T","-/-","T/T","T/T","-/-","-/-","T/T","C/T","-/-","T/T","-/-","-/-","T/T","T/T","C/T","T/T","T/T","T/T","C/T","T/T","T/T","T/T","-/-","-/-","T/T","-/-","C/T","T/T","-/-","-/-","T/T","-/-","C/T","T/T","-/-","T/T","-/-","-/-","C/T","T/T","C/T","C/C","T/T","T/T","T/T","T/T","T/T","T/T","T/T","T/T","C/T","T/T","T/T","T/T","T/T","T/T","T/T","T/T","T/T","C/T","T/T","T/T","C/T","T/T","C/T","T/T","T/T","T/T","T/T","T/T","T/T","T/T","T/T","T/T","T/T","T/T","T/T","T/T","T/T","T/T","T/T","T/T","T/T","T/T","T/T","T/T","T/T","T/T","T/T","T/T","C/C","C/C","C/C","C/C","T/T","T/T","T/T","T/T","T/T","T/T","-/-","T/T","T/T","T/T","C/C","C/C","C/C","C/C","C/C","T/T","T/T","T/T","T/T","T/T"
"342","PZA00493.2","4","multiple","T/T","C/C","C/C","C/C","C/T","C/C","C/C","C/C","C/C","C/C","C/C","T/T","T/T","C/T","C/T","C/C","-/-","-/-","-/-","C/C","-/-","C/C","-/-","C/C","-/-","-/-","C/T","C/T","C/C","C/T","C/C","C/C","C/C","C/C","C/C","C/C","C/T","C/C","-/-","-/-","-/-","-/-","C/C","-/-","-/-","-/-","-/-","-/-","C/T","C/T","T/T","C/C","C/C","C/C","C/T","C/C","C/C","C/T","C/C","C/C","C/C","C/C","C/T","-/-","-/-","C/C","C/T","C/C","-/-","-/-","-/-","C/T","-/-","-/-","C/C","C/C","C/T","C/C","C/C","C/T","C/C","C/C","C/C","C/C","C/C","C/C","C/T","-/-","C/C","C/C","C/C","C/C","-/-","-/-","-/-","C/C","C/T","C/C","C/C","C/C","C/T","C/C","C/C","C/C","C/C","C/C","C/C","C/C","C/C","C/C","C/C","C/T","C/T","C/C","C/T","-/-","-/-","C/C","-/-","C/T","C/C","C/T","C/T","-/-","-/-","-/-","-/-","C/T","C/T","C/T","C/T","C/T","C/T","T/T","C/T","C/T","C/T","C/T","C/C","C/C","T/T","C/C","C/C","-/-","-/-","C/C","C/C","C/C","C/C","C/C","C/C","-/-","-/-","-/-","C/C","C/C","T/T","C/C","C/C","C/C","C/T","C/C","C/C","C/C","C/C","C/T","C/T","C/C","C/C","C/C","C/C","C/C","C/C","C/C","C/T","C/C","C/C","C/C","C/C","C/C","C/C","C/C","C/C","C/C","C/T","C/T","C/C","T/T","T/T","T/T","C/C","C/C","C/T","C/C","C/C","C/C","-/-","-/-","-/-","C/C","-/-","C/T","-/-","-/-","C/C","C/C","C/C","C/C","C/C","C/C","C/C","C/C","C/C","C/T","C/C","C/C","T/T","T/T","C/C","C/C","C/C","C/T","C/C","C/C","C/C","-/-","-/-","C/C","C/C","C/C","-/-","C/C","-/-","-/-","-/-","T/T","-/-","C/C","C/C","C/C","C/C","C/C","C/C","C/C","C/C","-/-","C/C","C/T","C/C","-/-","-/-","C/C","-/-","-/-","-/-","-/-","-/-","-/-","C/C","C/C","C/C","C/C","C/C","C/C","C/C","C/C","C/C","C/C","C/C","C/T","T/T","-/-","C/C","C/C","C/C","C/C","-/-","-/-","C/C","C/C","-/-","C/C","C/C","C/C","C/T","C/C","C/C","C/C","C/T","C/T","C/C","-/-","C/C","C/C","C/C","C/T","-/-","C/T","C/C","-/-","C/C","C/C","C/C","C/C","C/C","C/C","C/C","C/T","C/C","C/T","C/C","-/-","-/-","C/C","C/T","-/-","-/-","-/-","-/-","C/C","C/C","-/-","-/-","-/-","C/C","C/C","C/C","C/C","C/C","C/C","C/C","-/-","C/C","C/C","C/T","C/C","-/-","-/-","C/C","C/T","-/-","-/-","C/C","C/C","C/T","C/C","C/C","C/C","C/C","C/C","C/T","C/C","C/C","C/T","C/T","C/C","-/-","-/-","-/-","-/-","C/C","C/T","C/C","C/C","C/C","C/C","-/-","-/-","-/-","C/C","C/C","C/C","C/C","C/C","C/C","C/C","C/C","C/C","C/C","C/C","C/C","C/C","C/C","C/C","C/C","-/-","-/-","C/C","C/C","C/C","C/C","C/C","C/C","C/C","C/C","C/C","C/C","C/C","C/C","C/C","C/C","C/C","C/C","C/C","-/-","C/C","C/C","C/C","-/-","-/-","C/C","-/-","C/C","C/C","-/-","-/-","C/C","C/C","C/C","C/C","C/C","C/C","C/C","C/C","C/C","C/C","C/C","C/C","C/C","C/C","C/C","C/T","-/-","-/-","-/-","C/C","-/-","C/C","-/-","-/-","-/-","-/-","-/-","C/C","C/C","C/C","C/C","C/C","C/C","C/C","C/C","C/C","C/T","C/T","C/C","C/C","C/C","C/C","C/C","C/C","C/C","C/C","-/-","C/C","-/-","-/-","C/C","-/-","-/-","C/C","C/C","C/C","C/T","C/C","C/C","C/C","C/C","C/T","C/C","C/C","C/C","C/C","C/C","C/C","C/C","-/-","-/-","-/-","-/-","-/-","-/-","C/T","-/-","-/-","C/T","C/C","-/-","C/C","C/C","C/C","C/C","C/C","C/T","C/T","C/C","C/C","C/C","C/C","-/-","C/C","C/C","C/C","-/-","C/C","C/C","-/-","C/C","C/C","-/-","C/C","C/C","C/C","C/C","C/C","C/C","C/C","C/C","-/-","C/C","-/-","C/C","C/T","C/T","-/-","-/-","C/C","C/C","T/T","C/C","C/C","C/T","C/C","T/T","C/C","C/C","C/C","C/C","C/C","T/T","C/C","C/C","C/C","-/-","C/T","C/C","C/C","C/C","C/C","C/C","C/C","-/-","-/-","C/C","C/C","C/C","T/T","C/T","C/C","C/C","C/C","C/C","C/C","C/C","C/T","C/C","C/C","C/C","C/C","C/C","C/C","C/C","C/T","C/C","C/C","C/C","C/C","C/C","C/C","C/C","-/-","-/-","-/-","-/-","-/-","-/-","C/C","-/-","-/-","C/C","C/C","C/T","C/C","C/T","C/C","C/C","C/C","C/C","C/C","C/C","C/C","-/-","C/C","C/C","C/C","-/-","-/-","-/-","C/C","T/T","C/C","-/-","-/-","C/C","C/C","C/C","-/-","C/T","C/C","-/-","-/-","-/-","C/C","C/C","C/C","C/C","C/C","C/C","C/C","C/T","T/T","C/C","C/T","C/C","C/C","T/T","C/C","-/-","-/-","-/-","C/C","C/C","-/-","-/-","-/-","-/-","C/C","-/-","-/-","C/C","C/C","C/T","C/C","C/C","C/C","C/C","C/C","C/C","C/C","C/C","C/C","C/C","C/C","C/C","C/C","-/-","-/-","-/-","C/C","C/C","C/C","C/C","C/C","-/-","C/C","-/-","C/C","-/-","C/C","-/-","-/-","C/T","C/C","C/C","C/C","C/C","C/C","C/C","C/C","C/T","C/C","T/T","C/C","C/C","C/C","-/-","-/-","-/-","C/C","C/T","-/-","-/-","-/-","-/-","C/C","C/T","C/C","C/C","C/T","-/-","-/-","C/T","C/T","-/-","C/T","C/C","C/C","C/C","C/C","C/T","T/T","C/C","C/C","-/-","C/T","-/-","C/C","C/C","C/C","C/C","-/-","-/-","-/-","C/C","C/C","C/C","C/C","C/C","C/C","-/-","C/C","C/C","C/C","C/C","C/C","C/C","C/C","C/C","C/C","C/T","C/T","-/-","-/-","C/C","-/-","-/-","-/-","-/-","-/-","T/T","C/C","-/-","-/-","C/T","-/-","-/-","C/T","C/C","C/C","C/T","C/C","C/C","C/C","C/C","C/C","C/C","C/C","C/C","C/C","C/C","C/C","C/C","C/T","C/C","C/C","C/C","C/C","C/C","-/-","C/T","-/-","C/C","C/T","C/C","-/-","-/-","C/T","C/C","C/C","C/C","C/C","-/-","T/T","C/T","C/C","T/T","C/C","C/C","C/T","C/T","C/C","C/T","C/C","C/C","C/C","C/T","-/-","-/-","-/-","C/C","C/T","-/-","-/-","-/-","-/-","-/-","-/-","-/-","-/-","C/C","C/C","C/C","C/C","C/C","C/C","C/C","C/C","C/C","-/-","C/T","C/C","C/C","C/T","C/C","C/C","C/C","-/-","-/-","-/-","C/C","-/-","-/-","C/C","-/-","C/C","C/T","C/C","C/C","C/C","C/C","C/C","C/T","C/C","C/C","C/C","-/-","C/C","-/-","C/C","-/-","-/-","-/-","-/-","C/C","C/C","C/C","C/T","C/T","C/C","C/C","C/T","C/C","C/C","C/C","C/C","C/C","C/C","C/C","C/C","C/C","C/C","C/T","C/C","C/C","C/C","C/C","C/C","C/C","C/C","C/T","C/C","C/C","C/C","C/C","C/C","C/C","C/C","C/C","C/C","C/C","C/C","C/C","C/C","C/C","C/C","C/C","C/C","C/C","-/-","C/C","-/-","-/-","C/C","C/C","C/C","C/C","C/C","C/C","C/C","C/C","C/C","C/C","C/C","C/C","C/C","T/T","T/T","C/C","C/C","C/C","C/C","C/C","C/C","C/C","C/C","C/C","C/C","C/C","C/C","T/T","T/T","T/T","T/T","C/C","C/C","C/C","C/C","C/C","C/C","C/C","C/C","C/C","C/C","T/T","T/T","T/T"
"343","PZA00493.5","4","multiple","C/C","T/T","T/T","T/T","C/C","T/T","T/T","T/T","T/T","T/T","T/T","C/C","C/C","C/T","C/T","T/T","T/T","T/T","T/T","T/T","T/T","T/T","T/T","T/T","T/T","T/T","C/T","C/T","T/T","C/T","T/T","T/T","T/T","T/T","T/T","T/T","C/T","T/T","T/T","T/T","T/T","T/T","T/T","T/T","T/T","T/T","T/T","T/T","C/T","C/T","C/C","T/T","T/T","T/T","C/T","T/T","T/T","C/T","T/T","T/T","-/-","T/T","C/C","T/T","T/T","T/T","C/T","T/T","T/T","T/T","T/T","C/T","T/T","C/T","T/T","T/T","C/T","T/T","T/T","C/T","T/T","T/T","T/T","T/T","T/T","T/T","C/T","C/T","-/-","T/T","T/T","T/T","T/T","C/T","T/T","T/T","C/T","T/T","T/T","T/T","C/T","T/T","T/T","T/T","C/T","T/T","T/T","T/T","T/T","T/T","T/T","C/T","C/T","T/T","C/T","C/T","T/T","T/T","T/T","C/T","T/T","C/T","C/T","T/T","T/T","C/C","C/T","C/T","C/T","C/T","C/T","C/T","C/T","C/C","C/T","C/T","C/T","C/T","T/T","T/T","C/C","T/T","T/T","T/T","T/T","T/T","T/T","T/T","T/T","T/T","T/T","C/T","C/T","T/T","T/T","T/T","C/C","T/T","T/T","T/T","C/T","T/T","T/T","T/T","T/T","C/T","C/T","T/T","T/T","T/T","T/T","T/T","T/T","T/T","C/T","T/T","T/T","T/T","T/T","T/T","T/T","T/T","T/T","T/T","C/T","C/T","T/T","C/C","C/C","C/C","T/T","T/T","C/T","T/T","T/T","T/T","T/T","T/T","T/T","T/T","C/T","C/T","T/T","T/T","T/T","T/T","T/T","T/T","T/T","T/T","T/T","T/T","T/T","-/-","T/T","T/T","C/C","C/C","T/T","C/T","T/T","C/T","T/T","T/T","T/T","T/T","T/T","T/T","T/T","T/T","T/T","T/T","C/T","C/C","T/T","C/T","C/T","T/T","T/T","T/T","T/T","T/T","T/T","T/T","T/T","C/T","T/T","C/T","T/T","T/T","T/T","-/-","T/T","T/T","T/T","T/T","T/T","T/T","T/T","T/T","T/T","T/T","T/T","T/T","T/T","T/T","T/T","T/T","T/T","C/T","C/C","T/T","T/T","-/-","T/T","T/T","T/T","T/T","T/T","T/T","T/T","T/T","T/T","T/T","C/T","T/T","T/T","T/T","C/T","C/T","T/T","T/T","T/T","T/T","T/T","C/T","T/T","C/T","T/T","T/T","T/T","T/T","T/T","T/T","T/T","T/T","T/T","C/T","T/T","C/T","T/T","T/T","-/-","T/T","C/T","T/T","T/T","T/T","T/T","T/T","T/T","T/T","T/T","T/T","T/T","T/T","T/T","T/T","T/T","T/T","T/T","T/T","T/T","T/T","C/T","T/T","T/T","T/T","T/T","C/T","T/T","C/T","T/T","T/T","C/T","T/T","T/T","T/T","T/T","T/T","C/T","T/T","T/T","C/T","C/T","T/T","C/C","T/T","T/T","T/T","T/T","-/-","T/T","T/T","T/T","T/T","T/T","T/T","T/T","T/T","T/T","T/T","T/T","T/T","T/T","T/T","T/T","T/T","T/T","T/T","T/T","T/T","T/T","T/T","T/T","C/T","T/T","T/T","T/T","T/T","T/T","T/T","T/T","T/T","T/T","T/T","T/T","T/T","T/T","T/T","T/T","T/T","T/T","T/T","T/T","T/T","T/T","T/T","T/T","T/T","T/T","T/T","T/T","T/T","T/T","T/T","T/T","T/T","C/T","T/T","T/T","T/T","T/T","T/T","T/T","T/T","T/T","T/T","T/T","T/T","T/T","C/C","C/T","T/T","T/T","T/T","T/T","T/T","T/T","T/T","T/T","T/T","T/T","T/T","T/T","T/T","T/T","T/T","T/T","T/T","T/T","T/T","C/T","C/T","T/T","T/T","T/T","T/T","T/T","T/T","T/T","T/T","T/T","T/T","T/T","T/T","-/-","T/T","C/T","T/T","T/T","T/T","C/T","T/T","T/T","C/T","T/T","C/T","T/T","T/T","T/T","T/T","T/T","T/T","T/T","C/T","C/C","C/T","T/T","T/T","C/T","C/T","T/T","T/T","-/-","T/T","T/T","T/T","T/T","T/T","T/T","T/T","-/-","C/T","T/T","T/T","T/T","T/T","T/T","T/T","T/T","T/T","T/T","T/T","T/T","T/T","T/T","T/T","T/T","T/T","T/T","T/T","T/T","T/T","T/T","T/T","T/T","C/C","T/T","C/T","T/T","C/T","C/T","C/T","T/T","T/T","T/T","C/C","C/T","T/T","C/T","T/T","C/C","C/T","C/T","T/T","T/T","T/T","C/C","T/T","T/T","T/T","T/T","C/T","T/T","T/T","T/T","T/T","T/T","T/T","T/T","T/T","T/T","T/T","T/T","C/T","C/T","T/T","T/T","T/T","T/T","T/T","T/T","C/T","T/T","T/T","T/T","T/T","T/T","T/T","C/T","-/-","T/T","T/T","T/T","T/T","T/T","T/T","T/T","T/T","T/T","T/T","C/T","T/T","T/T","-/-","T/T","T/T","T/T","T/T","C/T","T/T","-/-","T/T","T/T","T/T","T/T","T/T","T/T","T/T","C/T","T/T","T/T","T/T","C/C","T/T","T/T","T/T","C/C","T/T","C/T","T/T","T/T","T/T","T/T","T/T","C/T","T/T","T/T","T/T","T/T","T/T","T/T","T/T","T/T","T/T","T/T","T/T","C/T","C/C","T/T","C/T","T/T","T/T","C/C","-/-","C/T","C/T","T/T","C/T","T/T","T/T","C/T","T/T","C/T","T/T","T/T","T/T","C/T","T/T","C/T","C/T","T/T","T/T","T/T","T/T","C/T","T/T","T/T","T/T","T/T","C/T","T/T","C/T","T/T","T/T","T/T","T/T","T/T","T/T","T/T","T/T","T/T","T/T","C/T","T/T","T/T","T/T","C/T","T/T","-/-","T/T","T/T","T/T","T/T","T/T","T/T","T/T","C/T","T/T","C/C","C/T","T/T","T/T","C/T","C/T","T/T","T/T","C/T","T/T","-/-","T/T","C/C","T/T","C/T","T/T","C/T","C/T","C/T","T/T","C/T","C/T","C/T","C/T","C/C","T/T","T/T","T/T","C/T","C/C","T/T","T/T","T/T","C/T","T/T","T/T","T/T","T/T","T/T","T/T","T/T","C/T","T/T","T/T","T/T","T/T","T/T","T/T","T/T","T/T","T/T","T/T","T/T","T/T","T/T","C/T","T/T","T/T","C/T","C/T","T/T","T/T","T/T","T/T","T/T","T/T","T/T","T/T","C/C","T/T","T/T","T/T","C/T","T/T","T/T","C/T","T/T","T/T","C/T","T/T","T/T","T/T","T/T","T/T","T/T","T/T","T/T","T/T","T/T","T/T","T/T","C/T","T/T","T/T","T/T","T/T","T/T","T/T","C/T","C/C","T/T","C/C","C/T","C/T","C/C","C/C","T/T","T/T","T/T","T/T","C/C","C/C","C/T","C/T","C/C","T/T","T/T","C/T","C/T","T/T","C/C","T/T","C/T","T/T","C/T","T/T","T/T","T/T","T/T","C/T","T/T","T/T","T/T","C/T","T/T","T/T","T/T","T/T","T/T","T/T","T/T","T/T","T/T","T/T","T/T","T/T","T/T","C/T","C/T","T/T","T/T","C/T","T/T","C/T","T/T","T/T","T/T","T/T","T/T","T/T","T/T","T/T","T/T","T/T","C/T","T/T","T/T","T/T","T/T","T/T","C/T","T/T","T/T","T/T","C/T","T/T","C/T","T/T","T/T","T/T","C/C","C/T","T/T","C/T","C/T","C/T","C/C","C/T","T/T","C/C","T/T","T/T","T/T","T/T","T/T","T/T","T/T","T/T","T/T","T/T","C/T","T/T","T/T","T/T","T/T","T/T","T/T","T/T","C/T","T/T","T/T","T/T","T/T","T/T","T/T","T/T","T/T","T/T","T/T","T/T","T/T","T/T","T/T","T/T","T/T","T/T","T/T","T/T","T/T","T/T","T/T","T/T","T/T","T/T","T/T","T/T","T/T","T/T","T/T","T/T","T/T","T/T","T/T","T/T","C/C","C/C","T/T","T/T","T/T","T/T","T/T","-/-","T/T","T/T","T/T","T/T","T/T","T/T","C/C","C/C","C/C","C/C","C/T","T/T","T/T","T/T","T/T","T/T","T/T","T/T","T/T","T/T","C/C","C/C","C/C"
"150","PZA00218.6","4","78946482","C/T","C/C","T/T","C/T","C/T","C/T","C/T","T/T","C/T","T/T","T/T","C/C","C/C","C/C","C/C","T/T","-/-","C/T","C/T","C/T","-/-","C/T","C/T","C/T","T/T","T/T","C/T","C/C","C/T","C/C","C/T","C/T","C/T","C/C","C/T","C/T","C/T","T/T","C/C","T/T","T/T","C/C","C/T","C/T","C/T","C/T","C/T","T/T","T/T","C/T","C/T","C/T","T/T","T/T","C/T","T/T","T/T","T/T","C/T","C/C","C/T","C/T","C/T","C/C","C/T","T/T","C/C","-/-","C/C","T/T","C/T","C/T","C/C","T/T","C/T","C/T","T/T","C/T","C/T","C/T","C/C","C/T","T/T","C/T","C/T","T/T","T/T","C/T","C/T","T/T","T/T","C/T","T/T","C/T","T/T","C/T","T/T","C/T","T/T","T/T","T/T","T/T","T/T","T/T","T/T","T/T","T/T","C/T","T/T","C/T","T/T","T/T","T/T","T/T","T/T","C/C","C/T","T/T","C/C","T/T","T/T","C/C","C/C","C/T","C/C","T/T","C/T","C/C","T/T","C/C","T/T","C/C","C/T","T/T","C/T","C/C","C/C","C/C","C/T","C/C","C/T","C/T","T/T","C/C","T/T","-/-","T/T","C/T","T/T","T/T","C/T","T/T","C/C","C/C","C/C","C/T","C/T","C/T","T/T","T/T","C/T","C/T","C/T","T/T","T/T","C/T","T/T","T/T","T/T","C/T","C/T","T/T","T/T","C/T","C/T","C/T","C/C","C/T","T/T","T/T","T/T","C/C","C/C","T/T","C/T","C/C","-/-","C/C","T/T","T/T","C/C","T/T","T/T","C/T","T/T","T/T","T/T","C/T","T/T","T/T","T/T","-/-","C/T","T/T","T/T","T/T","T/T","T/T","C/T","T/T","T/T","T/T","T/T","T/T","T/T","T/T","T/T","T/T","T/T","T/T","T/T","C/T","C/T","T/T","-/-","T/T","C/T","C/T","C/T","C/T","C/C","C/T","C/T","C/T","C/C","C/T","C/T","T/T","T/T","C/T","T/T","C/T","T/T","T/T","C/T","-/-","C/T","-/-","T/T","T/T","T/T","C/T","T/T","C/T","C/C","C/T","T/T","C/T","C/T","C/T","T/T","T/T","C/C","T/T","T/T","T/T","C/T","C/T","T/T","T/T","T/T","C/T","T/T","C/T","T/T","T/T","C/T","C/T","T/T","T/T","T/T","T/T","T/T","T/T","T/T","T/T","T/T","T/T","T/T","T/T","C/T","T/T","C/T","C/T","C/T","T/T","C/T","T/T","C/C","C/C","C/T","T/T","-/-","T/T","C/T","C/T","T/T","T/T","C/T","C/T","C/C","T/T","T/T","C/T","T/T","C/T","T/T","T/T","T/T","T/T","-/-","T/T","T/T","T/T","T/T","T/T","T/T","T/T","T/T","T/T","T/T","C/T","T/T","C/T","C/T","C/T","C/C","C/T","C/C","C/C","C/C","C/T","C/T","T/T","C/T","C/T","C/C","C/C","T/T","C/T","C/C","T/T","C/C","C/T","C/T","C/T","C/T","C/T","T/T","-/-","T/T","-/-","T/T","T/T","T/T","T/T","T/T","C/T","T/T","C/T","C/T","T/T","C/T","T/T","C/C","T/T","T/T","C/T","C/T","C/T","T/T","T/T","T/T","T/T","T/T","T/T","T/T","T/T","T/T","C/T","T/T","T/T","T/T","C/T","T/T","T/T","C/T","T/T","T/T","T/T","T/T","C/T","T/T","T/T","C/T","T/T","C/C","C/T","-/-","T/T","T/T","T/T","C/T","T/T","T/T","T/T","T/T","C/T","T/T","T/T","T/T","C/T","T/T","C/T","T/T","T/T","C/T","T/T","C/T","T/T","T/T","T/T","T/T","T/T","C/T","T/T","C/T","T/T","C/T","T/T","T/T","T/T","T/T","-/-","T/T","T/T","T/T","T/T","C/T","T/T","T/T","T/T","T/T","T/T","T/T","C/C","C/C","C/T","T/T","T/T","T/T","T/T","T/T","C/T","T/T","T/T","T/T","T/T","T/T","-/-","T/T","T/T","T/T","T/T","T/T","T/T","T/T","T/T","T/T","C/T","C/T","T/T","T/T","T/T","T/T","T/T","T/T","T/T","T/T","T/T","-/-","T/T","C/T","T/T","T/T","C/T","-/-","T/T","T/T","T/T","T/T","T/T","T/T","T/T","T/T","T/T","T/T","T/T","T/T","T/T","T/T","T/T","T/T","T/T","C/T","T/T","C/T","T/T","T/T","T/T","T/T","T/T","C/T","T/T","T/T","T/T","T/T","T/T","T/T","T/T","T/T","T/T","T/T","T/T","C/T","T/T","T/T","T/T","T/T","T/T","T/T","T/T","C/C","T/T","C/T","T/T","T/T","T/T","T/T","T/T","C/C","T/T","C/C","T/T","C/T","T/T","T/T","C/T","T/T","C/T","C/T","C/T","T/T","C/C","T/T","C/T","C/T","C/T","T/T","C/C","C/C","C/T","C/T","T/T","T/T","T/T","C/T","C/C","C/C","C/C","C/T","T/T","T/T","T/T","T/T","T/T","-/-","T/T","T/T","C/T","T/T","T/T","T/T","T/T","T/T","T/T","T/T","T/T","-/-","T/T","T/T","T/T","T/T","T/T","T/T","T/T","C/T","T/T","T/T","T/T","T/T","-/-","T/T","T/T","T/T","T/T","T/T","C/T","C/T","T/T","T/T","C/T","T/T","T/T","T/T","C/T","T/T","T/T","T/T","T/T","T/T","T/T","C/T","T/T","T/T","C/T","C/T","T/T","T/T","C/T","T/T","C/T","T/T","T/T","C/T","C/T","C/T","C/T","T/T","T/T","T/T","C/C","T/T","T/T","C/C","T/T","T/T","C/T","C/T","C/C","T/T","T/T","C/T","C/T","C/T","T/T","T/T","T/T","C/T","C/C","C/T","T/T","C/T","T/T","T/T","T/T","T/T","T/T","T/T","T/T","T/T","T/T","C/T","C/T","T/T","T/T","T/T","T/T","T/T","C/T","T/T","T/T","T/T","C/T","T/T","C/T","T/T","T/T","T/T","T/T","T/T","T/T","T/T","T/T","C/C","C/T","C/T","-/-","-/-","C/T","C/T","T/T","C/T","T/T","C/T","C/T","C/C","C/T","C/C","T/T","C/C","T/T","T/T","T/T","T/T","T/T","T/T","T/T","C/T","C/T","T/T","T/T","T/T","C/T","C/T","T/T","C/T","T/T","C/T","T/T","C/T","C/T","T/T","T/T","T/T","T/T","C/T","T/T","C/T","C/T","T/T","C/T","T/T","T/T","T/T","T/T","T/T","C/T","T/T","C/T","T/T","T/T","T/T","T/T","T/T","T/T","T/T","T/T","T/T","C/T","T/T","T/T","C/C","T/T","T/T","T/T","T/T","T/T","T/T","C/T","T/T","T/T","C/T","C/T","C/T","T/T","T/T","C/T","T/T","C/T","C/C","C/C","T/T","C/T","T/T","T/T","C/C","T/T","T/T","C/C","C/C","T/T","C/C","C/T","C/T","C/T","T/T","T/T","C/C","C/T","C/T","C/T","C/T","C/T","C/T","T/T","C/C","C/C","C/T","T/T","C/T","T/T","T/T","T/T","C/T","T/T","T/T","C/T","-/-","C/T","C/C","C/T","C/T","C/C","C/T","T/T","C/T","C/T","T/T","C/T","C/T","C/T","C/T","C/C","C/C","C/C","T/T","C/T","T/T","C/C","C/T","T/T","C/T","T/T","C/T","C/T","T/T","T/T","T/T","C/T","C/C","T/T","C/T","C/C","C/T","T/T","T/T","C/T","T/T","T/T","-/-","T/T","C/T","C/T","T/T","C/T","C/T","C/C","C/C","C/T","C/T","T/T","T/T","T/T","C/T","T/T","T/T","T/T","C/T","T/T","C/T","T/T","C/T","T/T","C/T","T/T","C/C","T/T","C/T","T/T","C/T","C/C","C/C","T/T","T/T","T/T","C/C","C/C","C/T","C/T","C/T","T/T","C/C","C/C","C/C","C/C","C/C","C/C","C/C","C/C","C/C","C/C","C/C","C/C","C/C","C/C","C/C","C/C","C/C","C/C","C/T","C/C","C/C","C/C","C/C","C/C","C/C","T/T","T/T","C/C","C/C","C/C","T/T","T/T","T/T","T/T","T/T","T/T","T/T","T/T","T/T","C/C","C/C","C/C","C/C","T/T","T/T","T/T","C/C","C/C","C/C","C/C","T/T","T/T","T/T","C/C","C/C","C/C","T/T","T/T","T/T","T/T","T/T","-/-","T/T"
"149","PZA00218.1","4","78946415","G/G","A/G","A/A","A/G","A/A","A/A","A/G","G/G","A/G","A/G","G/G","A/A","A/G","A/G","G/G","G/G","A/A","A/G","A/G","A/G","A/A","A/A","A/G","A/G","A/G","A/G","G/G","A/A","-/-","A/A","A/A","-/-","-/-","-/-","A/A","-/-","-/-","A/A","A/A","A/G","G/G","-/-","A/G","G/G","A/A","A/G","A/G","G/G","-/-","A/G","A/G","-/-","-/-","A/G","-/-","-/-","A/G","G/G","-/-","A/G","A/G","-/-","-/-","A/A","A/A","G/G","A/G","G/G","A/G","A/A","A/G","A/A","A/A","A/G","A/G","G/G","-/-","A/G","-/-","-/-","-/-","-/-","G/G","-/-","-/-","A/G","G/G","-/-","A/G","G/G","A/G","A/A","A/G","A/A","A/A","A/A","A/G","A/A","-/-","-/-","A/A","-/-","A/A","-/-","-/-","A/A","-/-","A/G","G/G","-/-","A/A","-/-","A/A","-/-","A/A","A/G","A/G","G/G","A/G","A/G","A/G","G/G","-/-","G/G","A/G","G/G","A/G","A/G","G/G","A/A","-/-","G/G","-/-","A/A","-/-","A/G","-/-","A/A","A/G","A/A","G/G","G/G","A/G","A/A","G/G","G/G","G/G","A/G","G/G","A/G","G/G","A/A","A/A","A/A","A/A","A/G","A/G","A/G","-/-","A/G","A/G","G/G","A/G","G/G","G/G","A/G","G/G","G/G","G/G","A/G","A/G","A/G","G/G","A/A","G/G","A/G","A/A","A/G","G/G","G/G","G/G","A/A","A/G","G/G","A/G","A/A","G/G","G/G","G/G","G/G","A/G","A/G","A/A","A/A","G/G","G/G","A/A","A/A","A/G","A/A","A/A","A/G","A/A","A/A","A/G","A/G","-/-","-/-","-/-","-/-","-/-","-/-","A/A","A/A","A/A","G/G","G/G","G/G","A/G","A/A","G/G","A/A","A/G","A/G","A/A","G/G","A/G","A/G","A/A","A/G","A/G","A/G","A/A","G/G","A/G","A/G","A/A","G/G","A/G","-/-","-/-","A/A","G/G","G/G","A/G","A/G","A/G","A/G","A/G","A/A","A/G","G/G","G/G","A/A","A/G","A/G","-/-","A/A","-/-","A/A","-/-","G/G","-/-","-/-","-/-","A/A","A/G","-/-","-/-","-/-","A/G","A/A","G/G","A/G","A/G","A/G","A/G","A/G","A/G","A/A","A/G","A/A","A/G","A/A","G/G","A/A","-/-","A/G","-/-","A/A","A/G","A/A","A/G","A/A","A/G","A/G","A/A","A/G","A/A","A/A","A/A","A/G","-/-","A/A","A/A","A/A","-/-","A/G","A/G","-/-","A/A","A/G","G/G","A/A","A/G","A/A","A/A","G/G","A/G","A/A","A/G","A/A","A/G","A/G","A/A","-/-","-/-","A/G","A/A","-/-","A/G","A/A","A/A","G/G","A/G","A/G","A/A","A/G","A/A","A/G","A/A","A/A","A/G","A/A","A/G","-/-","A/A","-/-","-/-","A/G","-/-","A/G","A/A","A/G","A/A","-/-","A/A","A/G","A/G","G/G","A/A","-/-","A/A","A/G","A/A","A/A","G/G","A/A","A/G","A/G","A/A","-/-","A/A","G/G","A/A","A/A","G/G","A/A","A/G","-/-","-/-","A/A","A/G","A/A","A/G","A/A","A/A","-/-","-/-","A/A","-/-","-/-","A/G","-/-","A/G","A/G","-/-","-/-","G/G","A/G","-/-","A/G","-/-","A/G","A/A","A/G","A/A","A/A","A/A","A/A","A/A","A/A","A/A","A/G","A/A","A/A","A/G","A/A","A/G","-/-","A/G","-/-","-/-","-/-","A/G","G/G","-/-","A/A","-/-","A/A","A/A","-/-","A/G","A/A","A/A","A/G","A/G","A/A","A/A","A/A","A/A","A/G","A/G","A/A","G/G","A/G","-/-","-/-","-/-","-/-","-/-","A/A","A/A","G/G","A/A","A/A","A/A","-/-","A/A","A/A","A/A","A/A","A/A","G/G","A/A","A/G","-/-","A/A","A/G","-/-","A/G","-/-","-/-","A/A","-/-","A/A","A/A","-/-","A/A","A/G","G/G","A/A","-/-","A/G","-/-","A/A","A/G","A/G","A/G","G/G","G/G","A/G","A/G","A/G","A/A","A/G","G/G","A/G","-/-","A/A","A/A","A/G","-/-","-/-","G/G","G/G","-/-","A/G","G/G","G/G","A/A","A/A","A/G","G/G","A/A","A/A","A/G","A/G","A/G","A/G","A/A","A/G","-/-","A/G","G/G","A/G","-/-","A/G","A/A","A/G","G/G","A/A","A/A","A/G","A/G","A/A","A/G","A/G","A/G","G/G","A/G","G/G","-/-","A/G","-/-","A/A","A/A","-/-","-/-","A/A","A/G","A/A","A/A","G/G","A/G","A/G","-/-","-/-","-/-","A/G","A/A","A/A","G/G","A/A","G/G","A/G","-/-","-/-","-/-","-/-","-/-","-/-","-/-","-/-","A/A","-/-","A/G","-/-","A/A","A/A","-/-","A/A","A/A","A/A","A/G","A/A","A/A","A/A","A/A","A/G","A/G","A/A","A/G","A/A","A/G","A/A","A/G","A/A","A/A","A/A","A/A","-/-","-/-","A/A","A/A","A/A","A/G","A/A","-/-","A/A","-/-","-/-","A/A","A/A","A/A","A/A","A/G","A/G","A/G","G/G","A/G","A/G","A/G","A/A","A/A","A/A","A/A","A/G","A/A","G/G","A/A","A/A","A/A","-/-","-/-","-/-","-/-","-/-","-/-","-/-","-/-","A/A","G/G","A/A","A/A","-/-","A/A","A/A","A/G","A/A","A/A","A/G","A/A","A/A","A/G","A/A","A/A","A/A","A/A","A/G","A/G","A/A","-/-","A/A","-/-","-/-","-/-","-/-","-/-","A/A","A/A","-/-","-/-","G/G","A/G","A/G","A/G","A/A","A/A","A/G","A/G","A/A","G/G","A/A","A/G","A/G","-/-","A/A","A/A","A/G","A/A","-/-","A/G","A/A","-/-","A/G","-/-","A/A","A/G","G/G","-/-","A/A","-/-","A/A","A/A","A/A","A/A","A/A","A/A","A/A","-/-","A/A","A/A","A/A","A/A","A/A","A/A","A/A","A/A","A/G","A/A","-/-","-/-","-/-","A/G","A/A","A/A","A/A","A/A","A/A","A/A","A/A","A/A","A/A","A/G","A/A","A/G","G/G","A/A","-/-","A/A","A/G","A/G","A/G","A/G","A/G","-/-","-/-","-/-","-/-","-/-","-/-","A/A","-/-","-/-","-/-","-/-","A/A","A/G","-/-","A/A","A/G","A/A","-/-","A/A","A/A","A/G","A/A","A/G","A/G","A/A","A/G","A/G","A/A","A/G","A/G","A/A","A/A","-/-","A/G","-/-","-/-","-/-","A/A","A/G","A/A","G/G","A/A","A/G","A/A","A/G","A/A","A/A","A/A","A/A","A/A","A/A","G/G","-/-","A/A","A/A","A/G","A/A","A/G","A/G","A/G","A/G","A/G","A/A","A/G","A/A","A/G","A/G","G/G","A/A","A/G","-/-","-/-","-/-","G/G","A/G","-/-","-/-","G/G","-/-","A/G","A/G","A/A","A/G","A/G","A/A","A/A","A/A","A/A","A/G","A/A","A/A","A/A","-/-","-/-","-/-","A/G","-/-","-/-","A/G","A/A","-/-","G/G","-/-","A/G","A/A","A/A","A/A","A/G","A/G","A/G","A/A","G/G","G/G","A/G","A/A","A/A","-/-","G/G","A/G","-/-","-/-","A/G","A/G","-/-","A/G","-/-","-/-","A/G","A/G","A/G","A/G","A/A","A/A","A/G","A/A","A/A","A/A","-/-","-/-","A/G","-/-","A/A","A/A","-/-","-/-","G/G","-/-","A/G","A/A","-/-","A/A","-/-","-/-","G/G","A/A","A/A","A/A","G/G","G/G","A/G","A/G","A/G","A/A","A/A","A/G","A/G","A/A","A/A","A/A","A/A","A/A","A/A","A/A","A/A","A/A","A/A","A/A","A/A","A/A","A/A","A/A","A/A","A/A","A/A","A/A","A/A","A/A","A/A","A/A","A/A","A/A","A/A","A/A","A/A","A/A","A/A","G/G","G/G","G/G","G/G","G/G","G/G","G/G","G/G","G/G","A/A","A/A","A/A","A/A","G/G","G/G","G/G","G/G","A/A","A/A","A/A","A/A","A/A","A/A","A/A","A/A","A/A","G/G","G/G","A/A","A/A","A/A","A/A","A/A"
"561","PZA02938.5","4","75728833","G/G","G/G","G/G","G/G","G/G","G/G","A/G","G/G","G/G","G/G","G/G","G/G","G/G","A/A","G/G","A/G","-/-","G/G","A/G","A/G","G/G","-/-","A/G","G/G","G/G","G/G","G/G","G/G","A/G","A/G","A/G","G/G","G/G","G/G","G/G","G/G","A/G","A/G","A/G","G/G","A/G","A/G","G/G","A/G","A/G","A/G","A/G","G/G","G/G","G/G","G/G","A/G","A/G","G/G","A/G","A/G","G/G","G/G","G/G","G/G","A/G","G/G","G/G","G/G","A/G","A/G","G/G","A/A","G/G","G/G","-/-","G/G","A/G","A/G","G/G","A/G","G/G","A/G","G/G","A/G","G/G","G/G","G/G","G/G","G/G","A/G","G/G","G/G","G/G","G/G","G/G","G/G","G/G","G/G","G/G","G/G","G/G","G/G","G/G","A/G","G/G","G/G","G/G","G/G","A/A","G/G","G/G","G/G","A/G","A/G","G/G","G/G","G/G","G/G","G/G","A/G","A/G","G/G","G/G","A/G","A/A","G/G","G/G","A/G","G/G","A/G","A/G","G/G","A/A","G/G","A/G","G/G","A/G","G/G","A/G","G/G","G/G","G/G","G/G","G/G","A/G","G/G","G/G","-/-","G/G","G/G","G/G","A/G","G/G","A/G","A/G","A/A","G/G","-/-","G/G","A/G","A/G","A/G","A/A","A/A","A/G","-/-","A/G","G/G","G/G","G/G","G/G","G/G","G/G","G/G","G/G","A/G","A/G","G/G","G/G","G/G","G/G","G/G","G/G","G/G","A/G","G/G","G/G","-/-","G/G","G/G","G/G","G/G","G/G","G/G","A/A","-/-","A/G","A/A","G/G","A/G","A/A","A/A","G/G","A/A","A/G","A/G","A/A","A/G","A/G","A/G","A/G","A/A","A/A","A/G","G/G","G/G","A/G","A/G","A/G","G/G","G/G","G/G","G/G","G/G","G/G","G/G","A/G","A/G","A/G","A/G","G/G","A/G","G/G","A/G","G/G","A/G","A/A","G/G","G/G","A/A","A/A","G/G","A/G","A/A","A/G","A/A","G/G","G/G","A/G","G/G","G/G","G/G","G/G","G/G","G/G","G/G","G/G","G/G","G/G","G/G","-/-","G/G","G/G","G/G","G/G","G/G","A/G","G/G","G/G","G/G","G/G","G/G","G/G","G/G","G/G","G/G","A/G","A/G","-/-","A/G","-/-","G/G","G/G","G/G","G/G","G/G","A/G","G/G","G/G","A/G","G/G","A/G","G/G","G/G","A/G","G/G","G/G","A/G","-/-","G/G","A/G","G/G","A/G","G/G","G/G","G/G","G/G","G/G","G/G","A/G","G/G","G/G","A/G","A/G","G/G","G/G","A/G","A/G","G/G","G/G","G/G","A/G","G/G","G/G","G/G","G/G","-/-","G/G","G/G","G/G","G/G","G/G","A/G","G/G","G/G","A/G","A/G","G/G","G/G","G/G","A/G","G/G","G/G","A/G","G/G","G/G","G/G","A/G","G/G","G/G","G/G","G/G","G/G","G/G","A/G","A/G","G/G","A/G","G/G","G/G","G/G","G/G","A/A","G/G","G/G","G/G","G/G","A/G","A/G","A/G","A/G","G/G","A/G","G/G","G/G","A/G","G/G","G/G","G/G","A/G","A/G","G/G","G/G","G/G","G/G","A/G","A/G","-/-","A/G","A/A","A/A","A/G","G/G","A/G","A/G","G/G","A/G","G/G","A/G","G/G","G/G","G/G","A/G","G/G","A/A","A/G","G/G","-/-","A/G","A/G","G/G","A/G","A/A","G/G","G/G","A/G","G/G","A/G","G/G","G/G","G/G","A/G","G/G","G/G","A/A","A/G","G/G","G/G","A/G","G/G","G/G","G/G","A/G","A/G","G/G","G/G","G/G","G/G","A/G","G/G","-/-","A/G","G/G","A/G","G/G","A/G","G/G","A/G","G/G","A/G","G/G","A/A","G/G","G/G","G/G","G/G","G/G","G/G","G/G","G/G","G/G","G/G","A/G","G/G","G/G","G/G","G/G","G/G","G/G","A/G","G/G","G/G","G/G","A/G","A/G","A/G","A/G","A/A","A/A","G/G","A/G","G/G","G/G","G/G","G/G","G/G","G/G","G/G","A/G","G/G","G/G","G/G","G/G","G/G","A/G","A/G","G/G","G/G","A/G","G/G","A/G","-/-","G/G","G/G","A/G","A/G","G/G","A/G","-/-","A/G","G/G","A/G","A/A","G/G","A/G","A/G","G/G","A/G","A/G","G/G","A/G","A/G","-/-","G/G","G/G","A/G","G/G","G/G","A/G","G/G","G/G","G/G","G/G","G/G","G/G","G/G","G/G","A/G","G/G","G/G","G/G","-/-","G/G","G/G","G/G","G/G","G/G","G/G","A/G","G/G","G/G","G/G","A/G","G/G","G/G","G/G","A/G","G/G","A/G","A/G","A/A","A/G","G/G","A/G","A/G","G/G","G/G","G/G","A/G","A/G","G/G","A/G","G/G","A/G","A/A","A/G","G/G","G/G","G/G","A/G","A/G","A/A","G/G","G/G","A/G","A/G","G/G","A/A","A/A","A/G","A/G","G/G","G/G","G/G","A/G","G/G","A/G","G/G","G/G","A/G","G/G","A/G","G/G","G/G","G/G","A/G","G/G","G/G","G/G","G/G","G/G","G/G","A/G","G/G","G/G","G/G","G/G","G/G","-/-","A/G","G/G","G/G","A/G","G/G","G/G","-/-","A/G","A/G","G/G","G/G","G/G","A/G","G/G","A/G","G/G","A/G","G/G","A/G","A/G","A/G","A/G","A/G","G/G","G/G","G/G","A/G","A/G","G/G","G/G","-/-","G/G","G/G","G/G","A/G","G/G","A/G","G/G","G/G","A/G","G/G","G/G","G/G","-/-","G/G","G/G","A/G","G/G","G/G","G/G","A/G","G/G","G/G","G/G","G/G","A/G","G/G","-/-","G/G","A/G","A/G","A/G","A/A","A/G","G/G","A/G","A/A","G/G","A/A","A/A","A/G","A/A","A/A","-/-","A/G","A/A","G/G","G/G","A/A","A/G","G/G","A/A","A/A","A/G","A/G","G/G","A/G","A/G","A/G","G/G","G/G","G/G","A/G","G/G","G/G","G/G","G/G","G/G","G/G","A/G","G/G","G/G","G/G","A/G","G/G","G/G","G/G","G/G","G/G","G/G","A/G","A/G","G/G","G/G","G/G","A/G","A/G","G/G","A/G","G/G","A/G","G/G","G/G","A/G","G/G","A/G","-/-","G/G","A/A","A/G","A/G","G/G","A/G","G/G","A/A","A/A","G/G","G/G","G/G","G/G","G/G","G/G","A/G","A/G","G/G","G/G","G/G","G/G","G/G","-/-","A/A","G/G","A/G","G/G","G/G","G/G","A/G","A/G","G/G","A/G","G/G","G/G","A/A","G/G","A/A","G/G","G/G","G/G","A/G","G/G","-/-","G/G","G/G","A/G","A/G","G/G","G/G","A/A","G/G","G/G","G/G","A/A","A/G","-/-","-/-","G/G","G/G","G/G","G/G","A/G","G/G","G/G","G/G","A/A","A/G","G/G","G/G","A/G","A/G","A/G","A/A","G/G","G/G","A/G","A/G","G/G","G/G","A/A","A/G","G/G","A/G","G/G","A/G","A/A","A/G","-/-","A/G","G/G","G/G","G/G","G/G","G/G","A/G","G/G","G/G","G/G","G/G","A/G","A/G","G/G","A/G","A/G","A/G","G/G","G/G","G/G","G/G","A/G","A/G","G/G","A/A","A/A","A/G","G/G","G/G","A/A","A/G","A/A","A/A","A/G","G/G","G/G","G/G","G/G","A/G","A/G","G/G","A/G","G/G","A/G","A/G","A/A","A/G","A/A","A/G","A/A","A/G","A/G","A/G","A/A","G/G","A/G","A/G","A/G","A/G","A/G","G/G","A/G","A/G","G/G","A/G","A/A","G/G","A/G","A/G","G/G","G/G","G/G","G/G","G/G","A/G","G/G","G/G","G/G","A/G","A/G","A/G","G/G","G/G","G/G","G/G","G/G","G/G","G/G","G/G","G/G","G/G","G/G","G/G","G/G","G/G","G/G","G/G","G/G","G/G","G/G","G/G","G/G","G/G","G/G","G/G","G/G","A/A","A/A","G/G","G/G","G/G","A/A","A/A","G/G","G/G","G/G","G/G","G/G","A/A","A/A","G/G","G/G","G/G","G/G","G/G","G/G","G/G","G/G","G/G","G/G","G/G","G/G","G/G","G/G","G/G","G/G","G/G","G/G","G/G","G/G","G/G","G/G","G/G","G/G"
"10","bt2.7","4","66290994","A/A","A/A","A/A","A/A","A/A","A/A","A/A","A/A","A/A","A/A","A/A","G/G","A/A","A/A","A/G","A/G","A/A","A/A","A/A","A/A","A/A","A/A","A/A","A/A","A/A","A/A","A/A","A/A","A/A","A/A","A/A","A/A","A/A","A/A","A/A","A/A","A/A","A/A","A/A","A/A","A/A","A/A","A/A","A/A","-/-","A/A","A/A","A/A","A/A","A/A","A/A","A/A","A/A","A/A","A/A","A/A","A/A","A/A","A/A","A/A","A/A","A/A","A/A","A/A","A/A","A/A","A/A","A/A","A/A","A/A","A/A","A/A","A/A","A/A","A/A","A/A","A/A","A/A","A/A","A/A","A/A","A/A","A/A","A/A","A/A","A/A","A/A","A/A","A/A","A/A","A/A","A/A","A/A","A/A","A/A","A/A","A/A","A/A","A/A","A/A","A/A","A/A","-/-","-/-","A/A","A/A","A/A","A/A","A/A","A/A","A/A","-/-","A/A","A/A","A/A","A/A","A/A","A/A","A/A","A/A","A/A","A/A","A/A","A/A","A/A","A/A","A/A","A/A","A/A","A/A","A/A","A/A","A/A","A/A","-/-","A/A","A/A","A/A","-/-","A/A","A/A","A/A","A/A","A/A","A/A","A/A","A/A","A/A","A/A","A/A","A/A","A/A","A/A","A/A","A/A","A/A","A/A","A/A","-/-","A/A","A/A","A/A","A/A","A/A","A/A","A/A","A/A","A/A","A/A","A/A","A/A","A/A","A/A","A/A","A/A","A/A","A/A","A/A","A/A","A/A","A/G","A/G","-/-","A/A","A/A","A/A","A/A","A/A","A/A","A/A","A/A","A/A","A/A","A/A","-/-","A/A","A/A","A/A","A/A","A/A","A/G","A/A","A/A","A/A","A/A","A/A","A/A","A/A","A/A","A/A","A/A","A/A","A/A","A/A","A/A","A/A","A/A","A/A","A/A","A/A","A/A","A/A","G/G","A/A","A/A","A/A","A/A","A/A","A/A","A/A","A/A","A/A","A/A","A/A","A/A","A/A","A/A","A/A","A/A","A/A","A/A","A/A","A/A","A/A","A/A","A/A","A/A","A/A","A/A","A/A","A/A","A/A","A/A","A/A","A/A","A/A","A/A","A/A","-/-","A/A","A/A","A/A","A/A","A/A","A/A","A/A","A/A","A/A","A/A","A/A","A/A","A/A","A/A","A/A","A/A","A/A","A/A","A/A","A/A","A/A","A/A","A/A","A/A","A/A","A/A","A/A","A/A","A/A","A/A","-/-","A/A","A/A","A/A","A/A","A/A","A/A","A/A","A/A","A/A","-/-","A/A","A/A","-/-","A/A","A/A","A/A","A/A","A/A","A/A","A/A","A/A","A/A","A/A","A/A","A/A","A/A","A/A","A/A","A/A","A/A","A/A","A/A","A/A","A/A","-/-","A/A","-/-","A/A","A/A","A/A","A/A","A/A","A/A","A/A","A/A","A/A","A/A","A/A","A/A","A/A","A/A","A/A","A/A","A/A","A/A","A/A","A/A","A/A","G/G","A/A","A/A","A/A","A/A","A/A","A/A","A/A","-/-","A/A","A/A","A/A","-/-","-/-","A/A","A/A","A/A","A/A","A/G","A/A","A/A","A/A","A/A","A/A","A/A","A/A","A/A","A/A","A/A","A/A","A/A","A/A","A/A","A/A","A/A","A/A","A/A","A/A","A/A","A/A","A/A","A/A","A/A","A/A","A/A","A/A","A/A","A/A","A/A","A/A","A/A","A/A","A/A","A/A","A/A","A/A","A/A","A/A","A/A","A/A","A/A","A/A","A/A","A/A","A/A","A/A","A/A","A/A","A/A","A/A","A/A","A/A","-/-","A/A","A/A","A/A","A/A","A/A","A/A","A/A","-/-","A/A","A/A","A/A","A/A","A/A","A/A","A/A","A/A","A/A","A/A","A/A","A/A","A/A","A/A","A/A","A/A","A/A","A/A","A/A","A/A","A/A","A/A","A/A","A/A","A/A","A/A","A/A","A/A","A/A","A/A","A/A","A/A","-/-","A/A","A/A","A/A","A/A","A/A","A/A","A/A","A/A","A/G","A/A","A/A","A/A","A/A","-/-","A/A","A/A","A/A","A/A","A/A","A/G","A/A","A/A","A/A","A/A","A/A","A/A","A/A","A/A","A/A","A/A","A/A","A/A","A/A","A/A","A/A","A/A","A/A","A/A","-/-","A/A","A/A","A/A","A/A","A/A","A/A","A/A","A/A","A/A","A/A","A/A","A/A","A/A","A/A","A/A","A/A","A/A","A/A","A/A","A/A","A/A","A/A","A/A","A/A","A/A","A/A","A/A","A/A","A/A","A/A","A/A","A/A","A/A","A/A","A/A","A/A","A/A","A/A","A/A","A/A","A/A","A/A","A/A","A/A","A/A","A/A","A/A","A/A","A/A","A/A","A/A","A/A","A/A","A/A","A/A","A/A","A/A","A/A","A/A","A/A","A/A","A/A","A/A","A/A","-/-","A/A","A/A","-/-","A/A","A/A","A/A","A/A","A/A","A/A","-/-","-/-","A/A","A/A","A/A","A/A","A/A","A/A","A/A","A/A","A/A","A/A","A/A","A/A","A/A","A/A","A/A","A/A","A/A","A/A","A/A","A/A","A/A","A/A","A/A","A/A","A/A","A/A","A/A","A/A","A/A","A/A","A/A","A/A","A/A","A/A","A/A","A/A","A/A","A/A","A/A","A/A","A/A","A/A","A/A","A/A","A/A","A/A","A/A","A/A","A/A","A/A","A/A","A/A","A/A","A/A","A/A","A/A","A/A","A/G","A/A","A/A","A/A","A/A","A/A","A/A","A/A","A/A","A/A","A/A","A/A","A/A","A/A","A/A","A/A","A/A","A/A","A/A","A/A","A/A","A/A","A/A","A/A","A/A","A/A","A/A","A/A","A/A","A/A","A/A","A/A","A/A","A/A","A/A","A/A","A/A","A/A","A/A","A/A","A/A","A/A","A/A","A/A","A/A","A/A","A/A","A/A","A/A","A/A","A/A","A/A","A/A","A/A","A/A","A/A","A/A","A/A","A/A","A/A","A/A","A/A","A/A","A/A","A/A","A/A","A/A","A/A","A/A","A/A","A/A","A/A","A/A","A/A","A/A","-/-","A/A","A/A","A/A","A/A","A/A","A/A","A/A","A/A","A/A","A/A","A/A","A/G","A/A","A/A","A/A","A/A","A/A","A/A","A/A","A/A","A/A","A/A","A/A","A/A","A/A","A/A","A/A","A/A","A/A","A/A","A/A","A/A","-/-","A/A","A/A","A/A","A/A","A/A","A/A","A/A","A/A","A/A","A/A","A/A","A/A","A/A","A/A","A/A","A/A","A/A","A/A","A/A","A/A","A/A","A/A","A/A","A/A","A/A","A/A","A/A","-/-","A/A","A/A","A/A","A/A","A/A","A/A","A/A","A/A","A/A","A/A","A/A","A/A","A/A","A/A","A/A","A/A","-/-","A/A","A/A","A/A","A/A","A/A","A/A","A/A","A/A","A/A","A/A","A/A","A/A","A/A","A/A","A/A","A/A","A/A","A/A","A/A","A/A","A/A","A/A","A/A","A/A","A/A","A/A","A/A","A/A","A/A","A/A","A/A","-/-","A/A","A/A","A/A","A/A","A/A","A/A","A/A","A/A","A/A","A/A","A/A","A/A","A/G","A/A","A/A","A/A","A/A","A/A","A/A","A/A","A/A","A/A","A/A","A/A","A/A","A/A","A/A","A/A","A/A","A/A","A/A","A/A","-/-","A/A","A/A","A/A","A/A","-/-","A/A","A/A","A/A","A/A","A/A","A/A","A/A","A/A","A/A","A/A","A/A","A/A","A/A","A/A","-/-","A/A","A/A","A/A","A/A","A/A","A/A","A/A","A/A","A/A","A/A","A/A","A/A","A/A","A/A","A/A","A/A","A/A","A/A","A/A","A/A","A/A","A/A","A/A","A/A","A/A","A/A","A/A","G/G","G/G","A/A","A/A","A/A","A/A","A/A","A/A","A/A","A/A","A/A","A/A","A/A","A/A","-/-","-/-","A/G","A/A","A/A","A/A","A/A","A/A","A/A","A/A","A/A","A/A","A/A","A/A","A/A","A/A","A/A","A/A","A/A","A/A","A/A","A/A","-/-","A/A","A/G","A/A","A/A","A/G","-/-","A/A","-/-","A/A","A/A","A/A","A/G","A/A","-/-","A/A","A/A","A/A","-/-","-/-","A/A","A/A","A/A","A/A","A/A","-/-","A/A","A/A","-/-","A/A","A/A","-/-","A/A","A/A","A/A","A/G","A/A","A/A","-/-"
"11","bt2.8","4","66290755","G/G","-/-","A/G","A/A","A/A","A/G","A/A","-/-","A/A","A/G","G/G","A/A","A/G","G/G","A/G","A/A","A/G","A/A","A/G","A/A","A/A","A/G","A/A","A/A","G/G","A/G","G/G","A/A","A/G","A/G","A/G","A/G","G/G","A/A","A/G","A/G","A/A","A/G","A/G","A/G","A/A","A/G","A/A","A/A","G/G","A/A","A/A","G/G","-/-","-/-","G/G","A/A","-/-","A/G","A/G","A/A","A/A","A/A","A/A","A/A","A/A","A/A","A/A","G/G","G/G","A/A","-/-","A/A","A/A","A/A","A/A","A/G","A/A","A/A","A/G","-/-","A/G","A/G","A/A","G/G","A/A","A/A","A/A","-/-","A/A","A/G","A/G","G/G","G/G","A/G","G/G","G/G","G/G","A/G","A/A","G/G","G/G","G/G","-/-","-/-","G/G","G/G","A/A","G/G","A/A","A/A","A/A","A/G","G/G","G/G","A/G","A/G","G/G","A/A","A/G","A/G","G/G","G/G","A/A","G/G","G/G","G/G","G/G","-/-","A/A","A/G","A/A","G/G","A/A","A/A","A/G","A/A","G/G","A/A","A/G","A/G","G/G","A/A","A/A","A/G","G/G","A/G","A/G","A/A","A/A","A/A","A/A","A/A","A/A","A/G","A/G","G/G","G/G","A/A","A/A","A/A","A/A","A/A","A/A","A/G","A/A","A/G","A/A","A/A","A/A","G/G","-/-","A/A","A/G","A/A","G/G","A/G","A/A","A/G","A/G","G/G","A/A","A/G","A/G","A/A","A/G","G/G","A/G","G/G","G/G","G/G","A/G","G/G","A/A","A/A","G/G","A/A","A/A","A/A","A/A","A/G","A/A","A/A","A/A","A/A","A/A","A/A","A/A","A/A","A/A","A/A","A/A","A/A","G/G","A/A","A/G","A/G","A/G","A/A","A/A","A/A","A/A","A/A","A/A","A/A","A/A","A/A","A/A","A/A","A/A","A/G","A/A","A/A","A/A","A/A","A/A","A/A","A/A","A/A","A/A","A/A","A/A","A/G","A/A","A/A","A/A","A/A","A/A","A/A","A/A","A/G","A/A","A/G","A/A","A/G","A/A","A/A","A/G","A/A","A/A","-/-","A/A","A/A","A/A","A/A","A/A","A/A","A/A","A/G","A/A","A/A","A/A","A/A","A/A","A/G","A/G","A/A","A/A","A/A","A/G","A/A","A/A","A/A","G/G","A/A","A/A","G/G","A/A","G/G","A/A","A/A","G/G","A/A","A/G","A/G","A/A","A/A","A/G","A/A","A/A","A/A","A/A","-/-","A/A","A/A","A/A","A/A","A/A","A/A","A/A","A/A","A/A","A/A","A/G","A/G","A/A","A/A","A/A","A/A","A/A","A/A","A/A","A/A","A/A","A/A","A/A","A/A","A/A","A/A","A/A","A/A","A/A","A/A","A/A","A/A","A/A","A/A","A/A","A/G","A/A","A/A","A/A","A/G","A/A","A/A","A/A","A/A","A/A","A/A","-/-","A/A","A/A","A/A","A/A","A/A","A/A","A/A","A/A","A/A","A/A","A/A","A/A","A/A","A/A","A/A","A/A","-/-","A/A","A/A","A/A","A/A","A/G","A/G","-/-","A/A","A/A","A/A","A/A","A/A","A/A","A/A","A/A","A/A","A/G","A/A","A/A","A/A","A/G","A/A","A/A","A/A","A/A","A/A","A/A","A/A","A/A","A/A","A/A","A/A","A/A","A/A","A/A","A/A","A/A","A/G","A/G","A/A","A/A","A/A","A/A","A/A","A/A","A/A","A/A","A/A","A/G","A/A","A/A","A/A","A/A","A/G","A/A","A/A","A/A","A/A","A/A","A/A","A/A","A/A","A/A","A/A","A/A","A/A","A/A","A/A","A/A","A/A","A/A","A/A","A/A","A/A","A/A","A/A","A/A","-/-","A/A","A/A","A/A","A/A","A/A","A/A","A/A","A/A","A/A","A/A","A/A","A/A","A/G","A/A","A/A","A/A","A/A","A/A","A/A","A/A","A/A","A/A","A/A","A/A","A/A","A/A","A/G","A/A","A/A","A/A","A/A","A/A","A/A","-/-","A/A","A/A","A/A","A/A","A/A","A/A","A/A","A/A","A/A","A/A","A/A","A/A","A/G","A/A","-/-","-/-","A/A","A/A","A/A","A/G","A/G","A/G","A/A","A/A","A/G","A/A","A/G","A/A","A/A","A/G","A/G","A/G","G/G","A/A","A/A","A/G","A/A","A/G","A/G","A/A","A/A","A/G","A/A","A/G","A/A","A/A","A/G","A/A","A/G","A/A","A/A","A/A","A/G","G/G","G/G","A/G","A/A","G/G","G/G","A/G","A/G","A/G","A/A","A/G","A/G","A/A","A/A","A/A","G/G","A/A","A/G","A/A","A/A","G/G","A/A","A/G","A/A","A/A","A/G","A/A","A/A","A/G","A/A","A/A","A/A","A/A","A/A","A/A","A/G","A/A","A/G","A/A","A/A","G/G","G/G","A/G","A/G","A/G","A/A","A/A","A/A","A/A","A/G","A/G","A/A","A/G","A/A","A/A","A/A","A/A","A/A","A/A","A/A","A/A","A/A","A/A","A/A","A/A","A/A","A/A","A/A","A/A","A/A","A/A","A/A","A/A","A/A","A/A","A/A","A/G","A/A","A/A","A/A","A/A","A/A","A/A","A/A","A/A","G/G","A/A","A/A","A/A","A/A","A/A","A/A","A/A","A/A","A/A","A/A","A/A","A/A","A/A","A/A","-/-","A/A","-/-","A/A","A/A","A/A","A/A","A/A","A/A","A/A","A/A","A/A","A/A","A/A","A/A","A/A","A/A","A/A","A/A","A/A","A/A","-/-","A/A","A/A","A/A","A/A","A/A","A/A","A/A","A/A","A/A","A/A","A/A","A/A","A/A","A/A","A/A","A/A","A/A","A/A","A/A","A/A","A/A","A/A","A/A","A/A","A/A","A/A","A/A","A/A","A/A","A/A","A/A","A/A","A/A","A/A","A/A","A/A","A/A","A/A","A/A","A/A","A/A","A/A","A/A","A/A","A/A","A/A","A/A","A/A","A/A","A/A","A/A","A/A","A/A","A/A","A/A","A/A","A/A","A/A","A/A","A/A","A/A","A/A","A/A","A/A","A/A","A/A","A/A","A/A","A/A","A/A","A/A","A/A","A/A","A/A","A/A","A/A","A/A","A/A","A/A","A/A","A/A","A/A","A/A","A/A","A/A","A/A","A/A","A/A","A/A","A/G","A/A","-/-","A/G","A/G","A/A","A/A","A/A","A/A","A/A","A/A","A/A","A/A","A/A","A/A","A/A","A/A","A/A","A/A","A/A","A/A","A/A","A/A","A/A","-/-","A/A","A/A","A/A","A/A","A/A","A/A","A/G","-/-","A/A","A/A","A/A","A/A","A/A","A/A","A/A","A/A","A/A","A/A","A/A","A/A","A/A","A/G","A/A","A/A","A/A","A/A","A/A","A/G","A/A","A/A","A/G","A/A","A/A","A/A","A/A","A/A","A/A","A/A","A/A","A/A","A/A","A/A","-/-","A/A","-/-","A/A","A/A","A/A","A/A","A/A","A/A","A/A","A/A","A/A","A/A","A/A","A/A","A/A","A/A","A/A","A/A","A/A","A/A","A/A","A/A","A/A","A/A","A/A","A/A","A/A","A/A","A/A","A/A","A/A","A/A","A/A","A/A","A/A","A/G","A/A","A/A","A/G","A/A","A/A","A/A","A/G","A/A","A/A","A/A","A/A","A/A","A/A","A/A","A/A","A/A","A/A","A/A","A/A","A/A","A/A","A/A","A/A","A/A","A/A","A/A","A/A","A/A","A/A","A/A","A/A","A/A","A/A","A/A","-/-","A/A","A/A","A/A","A/A","-/-","A/A","A/A","A/A","A/A","A/A","A/A","A/A","A/A","A/A","A/A","A/A","A/A","A/A","A/A","A/A","A/A","A/A","A/A","A/A","A/A","A/A","A/A","A/A","A/A","A/A","A/A","A/A","A/A","A/A","A/A","A/A","A/A","A/A","A/A","A/A","A/A","A/A","A/A","A/A","A/A","A/A","A/A","A/A","A/A","A/A","A/A","A/A","A/A","A/A","A/A","A/A","A/A","G/G","G/G","G/G","A/A","A/A","-/-","A/A","A/A","A/A","A/A","A/A","A/A","G/G","G/G","G/G","G/G","G/G","-/-","A/A","A/G","A/A","A/A","A/A","A/A","G/G","A/A","A/A","A/A","G/G","G/G","G/G","-/-","A/A","A/A","G/G","G/G","A/A","A/A","G/G","G/G","G/G"
"9","bt2.5","4","66290049","T/T","C/T","C/T","C/C","C/C","C/T","C/C","C/T","C/C","C/T","T/T","C/C","C/T","T/T","C/T","C/C","C/T","C/C","C/T","C/C","C/C","C/T","C/C","C/C","T/T","C/T","C/T","C/C","C/T","C/T","C/T","C/T","C/T","C/C","C/T","C/T","C/C","C/T","C/T","C/T","C/C","C/T","C/C","C/C","T/T","C/C","C/C","-/-","C/T","C/T","T/T","C/C","C/T","C/T","C/T","C/C","C/C","C/T","C/C","C/C","C/C","C/C","C/C","-/-","T/T","C/C","C/T","C/C","C/C","C/C","C/T","C/T","C/C","C/C","C/T","-/-","C/T","C/T","C/C","T/T","C/C","C/C","C/C","C/T","C/C","C/T","C/T","-/-","-/-","C/T","C/T","-/-","T/T","C/T","C/C","-/-","C/T","-/-","C/T","-/-","C/T","T/T","C/C","-/-","C/C","C/C","C/C","C/T","T/T","T/T","C/T","C/T","T/T","C/C","C/T","C/T","T/T","T/T","C/C","T/T","T/T","-/-","-/-","C/C","C/C","C/T","C/C","T/T","C/C","C/C","-/-","C/C","T/T","C/C","-/-","C/T","-/-","C/C","C/C","C/T","T/T","C/T","C/T","C/C","C/C","C/C","C/C","C/C","C/C","C/C","C/T","T/T","T/T","C/C","C/C","C/C","C/C","C/C","C/C","C/T","C/C","C/T","C/C","C/C","C/C","C/T","C/T","C/C","C/T","C/C","T/T","C/T","C/C","C/T","C/T","T/T","C/C","C/T","C/T","C/C","C/T","T/T","C/T","T/T","T/T","T/T","C/T","T/T","C/C","C/C","T/T","C/C","C/C","C/C","-/-","C/T","C/C","C/C","C/C","C/C","C/C","C/C","C/C","C/C","C/C","C/C","-/-","C/C","C/T","C/C","C/T","C/T","C/T","C/C","C/C","C/C","C/C","C/C","C/C","C/C","C/C","C/C","C/C","C/C","C/C","C/T","C/C","C/C","C/C","C/C","C/C","C/C","C/C","C/C","C/C","C/C","C/C","C/T","C/C","C/C","C/C","C/C","C/C","C/C","C/C","C/T","C/C","C/T","C/C","C/T","C/C","-/-","C/T","C/C","C/C","C/T","C/C","C/C","C/C","C/C","C/C","C/C","C/C","C/T","C/C","C/C","C/C","C/C","C/C","C/T","C/T","C/C","C/C","C/C","-/-","C/C","C/C","C/C","C/T","C/C","C/C","T/T","C/C","T/T","C/C","C/C","T/T","C/C","C/T","C/T","C/C","C/C","C/T","C/C","C/C","C/C","C/C","C/T","C/C","C/C","C/C","C/C","C/C","-/-","C/C","C/C","C/C","C/C","C/T","C/T","C/C","C/C","C/C","C/C","C/C","C/C","C/C","C/C","C/C","C/C","C/C","C/C","C/C","C/C","C/C","C/C","C/C","C/C","C/C","C/C","C/C","C/C","C/C","C/T","C/C","C/C","C/C","-/-","C/C","C/C","C/C","C/C","C/C","C/C","C/C","C/C","-/-","C/C","C/C","C/C","C/C","C/C","C/C","C/C","C/C","C/C","C/C","C/C","C/C","C/C","-/-","-/-","C/C","C/C","C/C","C/C","C/T","C/T","C/C","C/C","C/C","C/C","C/C","C/C","C/C","C/C","C/C","C/C","C/T","C/C","C/C","C/C","C/T","C/C","C/C","C/C","C/C","C/C","C/C","C/C","C/C","C/C","C/C","C/C","C/C","C/C","C/C","C/C","C/C","C/T","C/T","C/C","C/C","C/C","C/C","C/C","C/C","C/C","C/C","C/C","C/T","C/C","C/C","C/C","C/C","C/T","C/C","C/C","C/C","C/C","C/C","C/C","C/C","C/C","C/C","C/C","C/C","C/C","C/C","C/C","C/C","C/C","C/C","C/C","C/C","C/C","C/C","C/C","C/C","C/T","C/C","C/C","C/C","C/C","C/C","C/C","C/C","C/C","C/C","C/C","C/C","C/C","C/T","C/C","C/C","C/C","C/C","C/C","C/C","C/C","C/C","C/C","C/C","C/C","C/C","C/T","-/-","C/C","C/C","C/C","C/C","C/C","C/C","-/-","C/T","C/C","C/C","C/C","C/C","C/C","C/C","C/C","C/C","C/C","C/C","C/C","C/T","C/C","C/T","T/T","C/T","C/C","C/T","C/T","C/T","C/T","C/C","C/C","C/T","C/C","C/T","C/C","C/C","C/T","C/T","C/T","T/T","C/C","C/C","C/T","C/C","C/T","C/T","C/C","C/C","C/T","C/C","C/T","C/C","C/C","C/T","C/C","C/T","C/C","C/C","C/C","C/T","C/T","T/T","C/T","C/C","C/T","C/T","C/T","C/T","-/-","C/C","C/T","C/T","C/C","C/C","C/C","C/T","C/C","C/C","C/C","C/C","T/T","C/T","C/T","C/C","C/C","C/T","C/C","C/C","C/T","C/C","C/C","C/C","C/C","C/C","C/C","C/T","C/C","C/T","C/C","C/C","T/T","T/T","C/T","C/T","C/T","C/C","C/C","C/C","C/C","C/T","-/-","C/C","C/T","C/C","C/C","C/C","C/C","C/C","C/C","C/C","C/C","C/C","C/C","C/C","-/-","C/C","C/C","C/C","-/-","C/C","C/C","C/C","C/C","C/C","C/C","C/C","C/T","C/C","C/C","C/C","-/-","C/C","C/C","C/C","C/C","C/T","C/C","C/C","C/C","C/C","C/C","C/C","C/C","C/C","C/C","C/C","C/C","C/C","C/C","-/-","C/C","C/C","C/T","C/C","C/C","C/C","C/C","C/C","C/C","C/C","C/C","C/C","C/C","C/C","C/C","C/C","C/C","C/C","-/-","C/C","C/C","C/T","C/C","C/C","C/C","C/C","C/T","C/C","C/C","C/C","C/C","C/C","C/C","C/C","C/C","C/C","C/C","C/C","C/C","C/C","C/C","C/C","C/C","C/C","C/C","C/C","C/C","C/C","C/C","C/C","C/C","C/C","C/C","C/C","C/C","C/C","C/C","C/C","C/C","C/C","C/C","C/C","C/C","C/C","C/C","C/C","C/C","C/C","C/C","C/C","C/C","C/C","C/C","C/C","C/C","C/C","C/C","C/C","C/C","C/C","C/C","C/C","C/C","C/C","C/C","C/C","C/C","C/C","C/C","C/C","C/C","C/C","C/C","C/C","C/C","C/C","C/C","C/C","C/C","C/C","C/C","C/C","C/C","C/C","C/C","C/C","C/C","C/C","C/C","C/C","C/C","C/T","C/C","C/C","C/T","C/T","C/C","C/C","C/C","C/C","C/C","C/C","C/C","C/C","C/C","C/C","C/C","C/C","C/C","C/C","C/C","C/C","C/C","C/C","C/C","C/T","C/C","C/C","C/C","C/C","C/C","C/C","C/T","-/-","C/C","C/C","C/C","C/C","C/C","C/C","C/C","C/C","C/C","C/C","C/C","C/C","C/C","C/T","C/C","C/C","C/C","C/C","C/C","C/T","C/C","C/C","C/T","C/C","C/C","C/C","C/C","C/C","C/C","C/C","C/C","C/C","C/C","C/C","C/C","C/C","C/C","C/C","C/C","C/C","C/C","C/C","C/C","C/C","C/C","C/C","C/C","-/-","C/C","C/C","C/C","C/C","C/C","C/C","C/C","C/C","C/C","C/C","C/C","C/C","C/C","C/C","C/C","C/C","C/C","C/C","C/C","C/C","C/C","C/C","C/T","C/C","C/C","C/T","C/C","C/C","C/C","C/T","C/C","C/C","C/C","C/C","C/C","C/C","C/C","C/C","C/C","C/C","C/C","C/C","C/C","C/C","C/C","C/C","C/C","C/C","C/C","C/C","C/C","C/C","C/C","C/C","C/C","C/C","C/C","C/C","C/C","C/C","C/C","C/C","C/C","C/C","C/C","C/C","C/C","C/C","C/C","C/C","C/C","C/C","C/C","C/C","C/C","C/C","C/C","C/C","C/C","C/C","C/C","C/C","C/C","C/C","C/C","C/C","C/C","C/C","C/C","C/C","C/C","C/C","C/C","C/C","C/C","C/C","C/C","C/C","C/C","C/C","C/C","C/C","C/C","C/C","C/C","C/C","C/C","C/C","C/C","C/C","C/C","C/C","C/C","C/C","C/C","T/T","T/T","T/T","C/C","C/C","C/C","C/C","C/C","C/C","C/C","C/C","C/C","T/T","T/T","T/T","T/T","T/T","C/T","C/C","C/T","C/C","C/C","C/C","C/C","T/T","C/C","C/C","-/-","T/T","T/T","T/T","C/C","C/C","C/C","-/-","T/T","C/C","C/C","T/T","T/T","T/T"
"297","PZA00436.7","4","6401332","C/T","C/T","C/T","T/T","T/T","T/T","C/T","C/T","T/T","C/T","C/T","C/T","C/T","C/T","T/T","C/T","T/T","C/T","C/T","T/T","C/T","T/T","C/T","-/-","C/T","C/C","C/T","C/C","T/T","C/T","T/T","C/C","C/T","T/T","T/T","C/T","C/C","T/T","C/C","C/C","C/T","C/T","C/C","C/T","C/T","C/C","-/-","T/T","C/T","T/T","C/T","C/T","T/T","C/T","T/T","C/C","C/T","-/-","C/C","C/T","T/T","T/T","C/C","-/-","C/T","T/T","C/T","-/-","T/T","C/T","T/T","T/T","C/C","C/T","T/T","T/T","C/T","C/C","C/T","C/T","T/T","C/C","T/T","T/T","T/T","T/T","C/T","C/T","C/C","C/T","C/C","C/C","C/T","C/C","C/C","C/T","T/T","C/T","C/C","C/T","C/C","C/C","T/T","C/C","C/C","C/T","C/C","C/C","T/T","C/T","C/C","C/T","C/T","C/C","C/C","T/T","C/C","C/C","C/C","C/C","C/T","C/C","C/C","C/C","C/T","C/C","C/C","C/T","C/T","C/T","T/T","C/C","T/T","T/T","C/T","C/T","C/C","C/T","T/T","C/T","C/C","C/T","C/T","C/C","C/T","T/T","C/C","C/C","T/T","C/T","C/C","T/T","T/T","C/T","C/C","C/T","T/T","C/C","T/T","T/T","C/C","C/T","C/C","T/T","C/C","C/T","C/T","T/T","T/T","C/C","T/T","T/T","C/T","T/T","C/C","C/C","C/C","C/T","C/T","C/T","C/C","C/C","C/T","T/T","C/T","C/T","T/T","T/T","C/T","T/T","C/T","-/-","C/C","C/T","T/T","T/T","C/C","C/T","C/T","C/C","C/T","C/T","C/C","C/T","C/C","C/C","C/T","T/T","C/C","C/C","C/C","T/T","-/-","T/T","C/T","T/T","C/T","C/T","C/T","T/T","C/T","C/T","C/C","C/T","C/T","C/T","T/T","T/T","T/T","C/T","T/T","T/T","C/T","C/T","C/T","T/T","T/T","C/C","T/T","C/T","T/T","C/C","-/-","T/T","C/C","T/T","C/T","C/T","C/T","C/T","C/T","C/T","C/T","T/T","C/T","C/C","C/T","-/-","C/T","C/C","T/T","T/T","C/C","C/C","C/T","C/C","T/T","C/C","T/T","C/T","C/T","C/T","T/T","T/T","-/-","C/T","C/T","C/C","T/T","T/T","T/T","T/T","T/T","T/T","C/T","C/T","C/T","C/T","T/T","C/T","C/T","C/T","C/C","C/C","T/T","T/T","T/T","C/C","C/T","C/C","C/C","C/T","C/T","C/T","C/T","T/T","T/T","C/T","C/T","C/C","-/-","C/C","C/C","C/C","-/-","C/T","C/T","C/T","C/C","C/C","T/T","C/C","C/T","C/T","C/C","C/C","C/C","C/C","C/T","C/T","C/T","C/C","C/T","T/T","C/C","C/T","C/T","C/C","C/C","T/T","C/C","C/T","T/T","C/T","C/T","C/T","T/T","T/T","C/T","C/T","C/T","C/T","C/C","C/T","C/C","T/T","-/-","C/C","C/C","C/C","C/C","C/T","C/C","T/T","C/T","C/C","C/C","C/T","T/T","-/-","C/T","C/T","C/C","T/T","C/T","C/C","C/C","C/T","C/C","C/C","C/T","C/T","-/-","-/-","-/-","T/T","C/C","C/T","C/C","C/C","C/C","C/T","C/T","C/C","-/-","C/T","C/T","-/-","C/C","C/T","C/C","C/C","T/T","C/C","C/C","C/C","C/C","C/C","-/-","C/T","C/T","C/C","C/C","T/T","C/C","C/T","C/T","C/T","C/T","C/C","C/T","C/C","C/C","C/C","C/T","C/T","C/C","C/C","C/T","C/C","C/C","C/C","T/T","T/T","C/T","C/T","C/T","C/T","C/C","C/T","C/C","C/T","-/-","C/T","T/T","C/T","C/T","C/T","C/T","T/T","C/C","C/T","C/T","C/T","C/T","T/T","C/T","C/C","-/-","C/T","C/C","C/C","T/T","T/T","C/T","C/T","C/T","C/C","C/T","C/T","C/T","T/T","C/T","C/T","C/T","C/C","C/C","C/T","C/C","T/T","C/C","C/T","C/C","C/C","C/C","C/C","C/C","C/C","C/T","C/T","C/T","C/C","C/C","C/T","C/T","C/C","C/C","-/-","C/T","C/T","C/C","T/T","C/C","C/T","C/C","C/C","C/C","C/T","T/T","C/T","T/T","T/T","C/C","C/T","C/T","C/C","C/C","C/T","C/C","C/T","C/C","C/T","C/T","C/C","T/T","T/T","-/-","C/T","C/T","C/T","C/T","C/T","C/T","C/T","C/T","T/T","T/T","-/-","C/T","C/C","T/T","T/T","C/T","C/C","C/T","C/T","C/T","C/T","C/C","C/T","C/C","C/T","C/T","T/T","C/T","C/T","C/C","T/T","C/C","C/C","C/T","C/T","C/C","C/C","C/C","C/C","C/T","C/T","C/C","C/T","C/T","T/T","C/C","C/C","C/C","C/T","C/C","C/T","T/T","T/T","C/T","C/T","C/C","T/T","C/T","C/C","T/T","C/C","T/T","C/T","C/T","C/T","C/T","T/T","C/T","C/T","C/C","C/T","T/T","C/C","T/T","T/T","C/C","C/T","T/T","C/C","T/T","C/C","C/T","C/T","C/T","C/C","C/C","T/T","C/T","T/T","C/T","C/T","-/-","T/T","C/T","C/T","C/T","T/T","T/T","T/T","T/T","T/T","C/T","C/T","C/T","C/C","-/-","C/T","T/T","C/T","C/T","C/T","T/T","C/C","C/T","C/T","C/T","C/T","C/C","-/-","T/T","T/T","C/T","C/T","C/T","C/T","T/T","C/T","C/T","T/T","C/T","C/C","C/C","C/T","-/-","C/T","C/C","C/C","C/T","T/T","C/T","C/C","T/T","C/C","C/C","C/C","C/T","C/C","-/-","-/-","C/T","C/C","C/C","T/T","T/T","C/T","T/T","C/C","C/T","C/T","C/T","C/T","C/T","T/T","T/T","C/T","C/T","T/T","C/T","C/C","C/T","C/T","C/T","C/T","C/C","C/C","C/T","C/T","T/T","C/T","C/T","C/T","C/T","C/C","C/T","C/T","T/T","C/C","T/T","T/T","C/T","-/-","C/C","C/T","C/T","C/T","C/T","C/T","T/T","T/T","T/T","C/C","T/T","T/T","T/T","C/T","T/T","C/T","C/T","C/C","C/C","T/T","T/T","C/C","C/T","T/T","C/T","C/T","T/T","C/C","T/T","C/T","C/T","C/C","C/C","C/C","C/C","C/T","C/T","C/T","C/C","C/C","T/T","C/T","C/T","C/T","C/T","T/T","T/T","C/T","C/T","C/T","C/T","C/T","T/T","C/T","C/C","C/T","T/T","C/T","C/T","C/T","C/C","T/T","C/T","C/T","C/T","C/T","C/T","T/T","C/T","C/C","C/C","C/T","C/C","C/C","T/T","C/C","C/T","T/T","C/C","C/C","-/-","C/C","C/T","C/T","C/T","T/T","C/T","C/T","C/C","C/C","T/T","C/C","C/T","C/C","C/C","T/T","C/C","-/-","C/T","C/C","C/C","C/T","C/T","C/C","C/T","T/T","C/C","C/C","C/T","C/C","C/T","C/T","-/-","C/C","C/C","C/C","C/C","C/C","C/C","T/T","C/C","C/T","C/C","C/T","C/C","C/T","C/C","C/T","C/T","T/T","C/T","C/C","C/C","C/T","C/C","C/T","C/T","C/C","C/C","C/T","C/C","C/T","C/C","C/T","C/T","C/C","T/T","C/T","C/T","C/T","T/T","C/T","C/T","C/T","T/T","C/C","C/C","C/T","C/C","C/C","C/C","T/T","C/C","C/T","C/C","C/T","C/T","C/C","C/T","C/C","C/C","C/C","C/C","C/T","C/T","C/C","C/T","C/C","C/T","C/C","C/T","T/T","C/T","C/T","T/T","-/-","T/T","-/-","C/T","-/-","T/T","C/T","C/T","C/T","C/T","T/T","C/T","C/T","C/C","C/C","T/T","C/T","C/T","C/T","T/T","C/C","T/T","T/T","T/T","T/T","T/T","T/T","T/T","C/T","T/T","C/T","C/C","C/C","C/C","C/T","C/C","T/T","T/T","T/T","C/C","C/C","T/T","T/T","C/C","C/C","C/C","C/C","C/C","T/T","T/T","T/T","T/T","T/T","T/T","T/T","C/C","T/T","T/T","T/T","T/T","T/T","T/T","C/C","C/C","C/C","T/T","T/T","T/T","T/T","C/C","C/C","C/C"
"492","PZA00726.7","4","60767994","C/G","G/G","C/C","G/G","C/G","C/G","G/G","G/G","G/G","C/C","C/G","G/G","G/G","G/G","G/G","G/G","G/G","G/G","G/G","G/G","G/G","G/G","G/G","G/G","G/G","G/G","G/G","G/G","G/G","G/G","G/G","G/G","G/G","G/G","G/G","G/G","G/G","C/G","G/G","G/G","C/G","G/G","G/G","G/G","G/G","G/G","G/G","G/G","C/G","G/G","G/G","G/G","G/G","G/G","G/G","G/G","G/G","G/G","G/G","G/G","G/G","G/G","G/G","G/G","G/G","G/G","C/G","G/G","G/G","G/G","G/G","C/G","G/G","G/G","C/G","G/G","G/G","G/G","G/G","C/G","G/G","G/G","G/G","G/G","G/G","G/G","G/G","G/G","G/G","G/G","G/G","G/G","C/G","G/G","G/G","G/G","G/G","G/G","G/G","G/G","G/G","G/G","C/C","G/G","G/G","G/G","G/G","G/G","G/G","G/G","G/G","C/G","G/G","C/G","G/G","G/G","G/G","G/G","G/G","G/G","G/G","G/G","G/G","G/G","G/G","G/G","G/G","G/G","G/G","G/G","G/G","G/G","G/G","G/G","G/G","G/G","G/G","G/G","G/G","G/G","G/G","G/G","G/G","G/G","G/G","G/G","G/G","G/G","G/G","G/G","G/G","G/G","G/G","G/G","G/G","G/G","G/G","G/G","G/G","G/G","G/G","G/G","G/G","G/G","G/G","G/G","C/G","G/G","G/G","G/G","G/G","G/G","G/G","G/G","G/G","G/G","G/G","G/G","G/G","G/G","G/G","G/G","G/G","-/-","C/G","C/C","C/G","G/G","C/G","C/C","G/G","G/G","G/G","G/G","G/G","G/G","G/G","G/G","G/G","G/G","C/G","G/G","G/G","G/G","G/G","G/G","G/G","G/G","G/G","G/G","G/G","G/G","C/G","G/G","G/G","G/G","C/C","C/C","G/G","G/G","G/G","G/G","G/G","G/G","G/G","G/G","C/G","G/G","G/G","-/-","C/G","G/G","-/-","C/G","G/G","G/G","G/G","G/G","G/G","G/G","G/G","G/G","G/G","G/G","G/G","G/G","G/G","G/G","G/G","G/G","G/G","G/G","-/-","G/G","G/G","G/G","G/G","G/G","G/G","G/G","G/G","G/G","C/G","G/G","G/G","G/G","G/G","G/G","G/G","G/G","G/G","G/G","G/G","G/G","G/G","G/G","G/G","G/G","G/G","G/G","G/G","G/G","G/G","G/G","G/G","G/G","G/G","G/G","G/G","G/G","G/G","G/G","G/G","G/G","G/G","G/G","G/G","G/G","G/G","G/G","G/G","G/G","G/G","G/G","G/G","G/G","G/G","G/G","G/G","G/G","G/G","G/G","G/G","G/G","G/G","G/G","G/G","G/G","G/G","C/G","C/G","G/G","C/G","G/G","G/G","-/-","G/G","G/G","G/G","G/G","G/G","G/G","G/G","G/G","G/G","G/G","G/G","G/G","G/G","G/G","G/G","G/G","G/G","G/G","G/G","G/G","G/G","G/G","G/G","G/G","G/G","G/G","G/G","G/G","G/G","G/G","G/G","G/G","G/G","G/G","G/G","-/-","G/G","G/G","G/G","G/G","G/G","G/G","G/G","G/G","C/G","G/G","G/G","G/G","G/G","G/G","G/G","G/G","G/G","G/G","G/G","G/G","G/G","G/G","G/G","G/G","G/G","G/G","G/G","G/G","G/G","G/G","G/G","G/G","G/G","G/G","G/G","G/G","G/G","G/G","G/G","G/G","G/G","G/G","G/G","G/G","G/G","G/G","C/G","G/G","G/G","G/G","G/G","G/G","G/G","G/G","G/G","G/G","G/G","G/G","G/G","G/G","G/G","G/G","G/G","G/G","G/G","G/G","G/G","G/G","G/G","G/G","G/G","C/G","C/G","G/G","G/G","G/G","G/G","G/G","G/G","G/G","G/G","G/G","C/G","G/G","G/G","G/G","G/G","G/G","G/G","G/G","G/G","G/G","G/G","G/G","G/G","G/G","G/G","G/G","C/G","G/G","G/G","G/G","G/G","G/G","C/G","G/G","G/G","G/G","G/G","C/G","C/G","G/G","C/G","G/G","C/G","C/G","G/G","G/G","G/G","G/G","G/G","G/G","C/G","G/G","G/G","C/C","G/G","C/G","G/G","G/G","C/G","G/G","C/G","G/G","C/G","-/-","G/G","G/G","G/G","G/G","C/G","G/G","G/G","G/G","G/G","G/G","G/G","G/G","G/G","G/G","C/G","G/G","G/G","C/G","G/G","G/G","G/G","G/G","G/G","G/G","G/G","G/G","G/G","G/G","C/G","G/G","C/G","G/G","G/G","G/G","C/G","G/G","G/G","G/G","G/G","G/G","G/G","C/G","G/G","G/G","G/G","G/G","G/G","G/G","G/G","G/G","G/G","C/G","G/G","G/G","G/G","G/G","G/G","G/G","G/G","G/G","G/G","G/G","G/G","G/G","G/G","G/G","G/G","G/G","G/G","G/G","G/G","G/G","G/G","G/G","G/G","G/G","G/G","G/G","G/G","G/G","G/G","C/G","G/G","G/G","G/G","G/G","G/G","G/G","C/G","G/G","G/G","G/G","G/G","G/G","G/G","G/G","G/G","G/G","G/G","G/G","G/G","G/G","G/G","G/G","G/G","G/G","G/G","C/G","C/G","C/G","G/G","G/G","G/G","G/G","G/G","G/G","G/G","C/G","G/G","G/G","C/G","G/G","G/G","G/G","G/G","G/G","G/G","G/G","G/G","G/G","C/G","G/G","G/G","G/G","G/G","G/G","G/G","G/G","G/G","G/G","G/G","G/G","G/G","G/G","G/G","G/G","G/G","-/-","C/G","G/G","G/G","G/G","G/G","G/G","G/G","G/G","C/G","G/G","G/G","G/G","G/G","G/G","G/G","G/G","C/G","G/G","C/G","G/G","C/G","G/G","C/G","G/G","G/G","G/G","G/G","G/G","G/G","G/G","G/G","G/G","G/G","G/G","G/G","G/G","G/G","C/G","G/G","G/G","G/G","G/G","G/G","G/G","G/G","G/G","G/G","G/G","G/G","G/G","G/G","G/G","G/G","G/G","G/G","G/G","G/G","G/G","G/G","G/G","G/G","G/G","G/G","G/G","G/G","G/G","G/G","G/G","G/G","G/G","G/G","G/G","G/G","G/G","G/G","G/G","G/G","G/G","G/G","G/G","G/G","G/G","G/G","G/G","G/G","G/G","G/G","G/G","G/G","G/G","G/G","C/C","G/G","G/G","G/G","G/G","G/G","G/G","G/G","G/G","G/G","G/G","G/G","G/G","G/G","G/G","G/G","C/G","G/G","C/G","C/G","G/G","G/G","G/G","G/G","G/G","C/G","G/G","G/G","G/G","C/G","G/G","G/G","C/G","G/G","G/G","C/G","C/G","-/-","G/G","C/G","C/G","C/G","G/G","C/G","C/G","G/G","G/G","G/G","G/G","-/-","G/G","G/G","G/G","G/G","G/G","G/G","G/G","G/G","G/G","G/G","G/G","G/G","G/G","G/G","G/G","G/G","G/G","G/G","G/G","G/G","G/G","G/G","G/G","G/G","G/G","G/G","G/G","G/G","G/G","G/G","G/G","G/G","G/G","G/G","G/G","G/G","G/G","G/G","G/G","C/G","G/G","G/G","G/G","C/G","G/G","G/G","G/G","G/G","C/G","G/G","G/G","G/G","C/G","G/G","C/G","G/G","G/G","G/G","C/G","G/G","G/G","G/G","G/G","G/G","C/G","G/G","C/G","C/G","C/G","-/-","G/G","G/G","G/G","C/C","-/-","C/G","G/G","G/G","C/G","C/G","G/G","G/G","C/G","G/G","G/G","G/G","G/G","G/G","G/G","G/G","G/G","G/G","G/G","C/G","G/G","G/G","C/G","G/G","G/G","C/G","G/G","G/G","C/G","C/G","G/G","C/G","C/G","C/C","G/G","G/G","G/G","G/G","G/G","G/G","G/G","G/G","G/G","G/G","G/G","G/G","G/G","G/G","G/G","G/G","G/G","C/C","C/C","C/G","C/G","C/G","C/G","-/-","C/C","C/G","G/G","C/C","C/C","C/C","C/G","G/G","G/G","G/G","G/G","G/G","G/G","C/C","C/C","G/G","G/G","G/G","G/G","G/G","C/C","-/-","C/C","G/G","G/G","C/C","C/C","G/G","G/G","G/G","G/G","G/G","C/G","G/G","C/G","G/G","G/G","G/G","G/G","G/G","G/G","G/G","G/G","G/G","G/G","G/G","G/G","G/G","G/G","G/G","G/G","-/-","G/G","G/G","G/G","G/G"
"491","PZA00726.6","4","60767943","C/T","C/C","T/T","C/C","C/T","C/T","C/C","C/C","C/T","C/C","C/T","C/C","C/T","C/T","-/-","C/T","C/C","C/C","C/C","C/C","C/C","C/C","C/C","C/C","C/C","C/C","C/C","C/C","C/C","C/C","C/C","C/C","C/C","C/C","C/C","C/C","C/C","C/T","C/C","C/C","C/T","C/C","C/C","C/C","C/C","C/C","C/C","C/C","C/T","C/C","C/C","C/C","C/C","C/C","C/C","-/-","C/C","C/C","C/C","C/C","C/C","C/C","C/C","C/C","C/C","C/C","C/T","C/C","C/C","C/C","C/C","C/T","C/C","C/C","C/T","-/-","C/C","C/C","C/C","C/T","C/C","C/C","C/C","C/C","C/C","C/C","C/C","C/C","C/C","C/C","C/C","C/C","C/T","C/C","C/C","C/C","C/C","C/C","C/C","C/C","C/C","C/C","T/T","C/C","C/C","C/C","C/C","C/C","C/C","C/C","C/C","C/T","C/C","C/T","C/C","C/C","C/C","C/C","C/C","C/C","C/C","C/C","C/C","C/C","C/C","C/C","C/C","C/C","C/C","C/C","C/C","C/C","C/C","C/C","C/C","C/C","C/C","C/C","C/C","C/C","C/C","C/C","C/C","C/C","C/C","C/C","C/C","C/C","C/C","C/C","C/C","C/C","C/C","C/C","C/C","C/C","C/C","C/C","C/C","C/C","C/C","C/C","C/C","C/T","C/C","C/C","C/T","C/C","C/T","C/T","C/T","C/T","C/T","C/T","C/T","C/T","C/T","C/T","C/T","C/T","C/T","-/-","C/T","T/T","C/T","-/-","C/T","C/T","C/T","C/C","C/T","C/C","C/C","C/C","C/C","C/C","C/C","C/C","C/C","C/C","C/T","C/C","C/C","C/C","C/C","C/C","C/C","C/C","C/C","C/C","C/C","C/C","C/T","C/C","C/C","C/C","T/T","C/C","C/C","C/T","C/T","C/T","C/T","C/T","C/T","C/C","C/T","C/C","C/C","C/T","C/T","C/C","C/C","C/T","C/C","C/C","C/C","C/C","C/C","C/C","C/C","C/C","C/C","C/C","C/C","C/C","C/C","C/C","C/C","C/C","C/C","C/C","C/C","C/C","C/C","C/C","C/C","C/C","C/C","C/C","C/C","C/C","C/T","C/C","C/C","C/C","C/C","C/C","C/C","C/C","C/C","C/C","C/C","C/C","C/C","C/C","C/C","C/C","C/C","C/C","C/C","C/C","C/C","C/C","C/C","C/C","C/C","C/C","C/C","C/C","C/C","C/C","C/C","C/C","C/C","C/C","C/C","C/C","C/C","C/C","C/C","C/C","C/C","C/C","C/C","C/C","C/C","C/C","C/C","C/C","C/C","C/C","C/C","C/C","C/C","C/C","C/C","C/C","C/C","C/T","C/C","C/C","C/C","C/C","C/C","C/C","C/C","C/C","C/C","C/C","C/C","C/C","C/C","C/C","C/C","C/C","C/C","C/C","C/C","C/C","C/C","C/C","C/C","C/C","C/C","C/C","C/C","C/C","C/C","C/C","C/C","C/C","C/C","C/C","C/C","C/C","C/C","C/C","C/C","C/C","C/C","-/-","C/C","C/C","C/C","C/C","C/C","C/C","C/C","C/C","C/T","C/C","C/C","C/C","C/C","C/C","C/C","C/C","C/C","C/C","C/C","C/C","C/C","C/C","C/C","C/C","C/C","C/C","C/C","C/C","C/C","C/C","C/C","C/C","C/C","C/C","C/C","C/C","C/C","C/C","C/C","C/C","C/C","C/C","C/C","C/C","C/C","C/C","C/C","C/C","C/C","C/C","C/C","C/C","C/C","C/C","C/C","C/C","C/C","C/C","C/C","C/C","C/C","C/C","C/C","C/C","C/C","C/C","-/-","C/C","C/C","C/C","C/C","C/T","C/T","C/C","C/C","C/C","C/C","C/C","C/C","C/C","C/C","C/C","C/T","C/C","C/C","C/C","C/C","C/C","C/C","C/C","C/C","C/C","C/C","C/C","C/C","C/C","C/C","C/T","C/C","C/C","C/C","C/C","C/C","C/C","C/T","C/C","C/C","C/C","C/C","C/T","C/T","C/C","C/T","C/C","C/T","C/T","C/C","C/C","C/C","C/C","C/C","C/C","C/T","C/C","C/C","T/T","C/C","C/T","C/C","C/C","C/T","C/C","C/T","C/C","C/T","C/T","C/C","C/C","C/C","C/C","C/T","C/C","C/C","C/C","C/C","C/C","C/C","C/C","C/C","C/C","C/T","C/C","C/C","C/T","C/C","C/C","C/C","C/C","C/C","C/C","C/C","C/C","C/C","C/C","C/T","C/C","C/C","C/C","C/C","C/C","C/C","C/C","C/C","C/C","C/C","C/C","C/C","C/C","C/C","C/C","C/C","C/C","C/C","C/C","C/C","C/C","C/C","C/C","C/C","C/T","C/C","C/C","C/C","C/C","C/C","C/C","C/C","C/C","C/C","C/C","C/C","C/C","C/C","C/C","C/C","C/C","C/C","C/C","C/C","C/C","C/C","C/C","C/C","C/C","C/C","C/C","C/T","C/T","C/C","C/C","C/C","C/C","C/C","C/T","C/T","C/C","C/C","C/C","C/C","C/C","C/C","C/C","C/C","C/C","C/C","C/C","C/C","C/C","C/C","C/C","C/C","C/C","C/C","C/T","C/T","C/T","C/C","C/C","C/C","C/C","C/C","C/C","C/C","C/T","C/C","C/C","C/T","C/C","C/C","C/C","C/C","C/C","C/C","C/C","C/C","C/C","C/T","C/C","C/C","C/C","C/C","C/C","C/C","C/C","C/C","C/C","C/C","C/C","C/C","C/C","C/T","C/T","C/T","C/C","C/T","C/C","C/C","C/C","C/C","C/C","C/C","C/C","C/T","C/C","C/C","C/C","C/C","C/C","C/C","C/C","C/T","C/C","C/T","C/C","C/T","C/C","C/T","C/C","C/C","C/C","C/C","C/C","C/C","C/C","C/C","C/C","C/C","C/C","C/C","C/C","C/C","C/T","C/C","C/C","C/C","C/C","C/C","C/C","C/C","C/C","C/C","C/C","C/C","C/C","C/C","C/C","C/C","C/C","C/C","C/C","C/C","C/C","C/C","C/C","C/C","C/C","C/C","C/C","C/C","C/C","C/C","C/C","C/C","C/C","C/C","C/C","C/C","C/C","C/C","C/C","C/C","C/C","C/C","C/C","C/C","C/C","C/C","C/C","C/C","C/C","C/C","C/C","C/C","C/C","C/C","T/T","C/C","C/C","C/C","C/C","C/C","C/C","C/C","C/C","C/C","C/C","C/C","C/C","C/C","C/C","C/C","C/C","C/C","C/T","C/C","C/C","C/C","C/C","C/C","C/C","C/T","C/C","C/C","C/C","C/T","C/C","C/C","C/T","C/C","C/C","C/T","C/T","C/C","C/C","C/T","C/T","C/T","C/C","C/T","C/T","C/C","C/C","C/C","C/C","C/T","C/C","C/T","C/T","C/T","C/T","C/T","C/T","C/T","-/-","C/T","C/C","C/C","C/C","C/C","C/C","C/C","C/C","C/C","C/C","C/C","C/C","C/C","C/C","C/C","C/C","C/C","C/C","C/C","C/C","C/C","C/C","C/C","C/C","C/C","C/C","C/C","C/C","C/C","C/C","C/T","C/C","C/C","C/C","C/T","C/C","C/C","C/C","C/C","C/T","C/C","C/C","C/C","C/T","C/C","C/T","C/C","C/C","C/C","C/C","C/C","C/C","C/C","C/C","C/C","C/T","C/C","C/T","C/T","C/T","C/T","-/-","C/C","C/C","T/T","C/C","C/T","C/C","C/C","C/T","C/T","C/C","C/C","C/T","C/C","C/C","C/C","C/C","C/C","C/C","C/C","C/C","C/C","C/C","C/T","C/C","C/C","C/T","C/C","C/C","C/T","C/C","C/C","C/T","C/T","C/C","C/T","C/T","T/T","C/C","C/C","C/C","C/C","C/C","C/T","C/T","C/T","C/T","C/T","C/T","C/T","C/T","C/T","C/T","C/T","C/T","T/T","T/T","C/T","C/T","C/T","C/T","T/T","T/T","C/T","C/T","C/C","C/C","T/T","C/T","C/C","C/C","C/T","C/T","C/T","C/T","C/C","C/C","C/C","C/C","-/-","C/C","C/T","T/T","T/T","-/-","C/T","C/T","C/T","T/T","C/C","C/C","C/T","C/C","C/T","C/T","C/C","C/T","C/C","C/C","C/C","C/C","C/C","C/C","C/C","C/T","C/C","C/C","C/T","C/C","C/C","C/T","C/C","C/C","C/C","C/C","-/-","C/C","C/T"
"493","PZA00726.9","4","60767888","A/G","A/A","G/G","A/A","A/G","A/G","A/A","A/A","A/A","G/G","A/G","A/A","A/A","A/A","A/A","A/A","A/A","A/A","A/A","A/A","A/A","A/A","-/-","A/A","A/A","A/A","A/A","A/A","A/A","A/A","A/A","A/A","A/A","A/A","A/A","A/A","A/A","A/G","A/A","A/A","A/G","A/A","A/A","A/A","A/A","A/A","A/A","-/-","A/G","A/A","A/A","A/A","A/A","A/A","A/A","A/A","A/A","A/A","A/A","A/A","A/A","A/A","A/A","A/A","A/A","A/A","A/G","A/A","A/A","A/A","A/A","A/G","A/A","A/A","A/G","A/A","A/A","-/-","A/A","A/G","A/A","A/A","A/A","A/A","A/A","A/A","A/A","A/A","A/A","A/A","A/A","A/A","A/G","A/A","A/A","A/A","A/A","A/A","A/A","A/A","A/A","A/A","G/G","A/A","A/A","A/A","A/A","A/A","A/A","A/A","A/A","A/G","A/A","A/G","A/A","A/A","A/A","A/A","A/A","A/A","A/A","A/A","A/A","-/-","A/A","A/A","A/A","A/A","A/A","-/-","A/A","A/A","A/A","A/A","A/A","A/A","A/A","A/A","A/A","A/A","A/A","A/A","A/A","A/A","A/A","A/A","-/-","A/A","A/A","A/A","A/A","A/A","A/A","A/A","A/A","A/A","A/A","A/A","A/A","A/A","A/A","A/A","A/A","A/A","A/A","A/A","A/G","A/A","A/A","A/A","A/A","A/A","A/A","A/A","A/A","A/A","A/A","A/A","A/A","A/A","A/A","A/A","A/A","G/G","G/G","G/G","A/G","A/A","G/G","G/G","A/A","A/A","A/A","A/A","A/A","A/A","A/A","A/A","A/A","A/A","A/G","A/A","A/A","A/A","A/A","A/A","A/A","A/A","A/A","A/A","A/A","A/A","A/G","-/-","A/A","A/A","G/G","G/G","A/A","A/A","A/A","A/A","A/A","A/A","A/A","A/A","A/G","A/A","A/A","A/G","A/G","A/A","A/A","A/G","A/A","A/A","A/A","A/A","A/A","A/A","A/A","A/A","A/A","A/A","A/A","A/A","A/A","A/A","A/A","A/A","A/A","A/A","A/A","A/A","A/A","-/-","A/A","A/A","A/A","A/A","A/A","A/A","A/G","A/A","A/A","A/A","A/A","A/A","A/A","A/A","A/A","A/A","A/A","A/A","A/A","A/A","A/A","A/A","A/A","A/A","A/A","A/A","-/-","A/A","A/A","A/A","A/A","A/A","A/A","A/A","A/A","A/A","A/A","A/A","A/A","A/A","A/A","A/A","A/A","A/A","A/A","A/A","A/A","A/A","A/A","A/A","A/A","A/A","A/A","A/A","A/A","A/A","A/A","A/A","A/A","A/A","A/A","A/A","A/A","A/G","A/A","A/A","A/A","A/A","A/A","A/A","A/A","A/A","A/A","A/A","A/A","A/A","A/A","A/A","A/A","A/A","A/A","A/A","A/A","A/A","A/A","A/A","A/A","A/A","A/A","A/A","A/A","A/A","A/A","A/A","A/A","A/A","A/A","A/A","A/A","A/A","A/A","A/A","A/A","A/A","A/A","-/-","A/A","A/A","A/A","A/A","A/A","A/A","A/A","A/A","A/G","A/A","A/A","A/A","A/A","A/A","A/A","A/A","A/A","A/A","A/A","A/A","A/A","A/A","A/A","A/A","A/A","A/A","A/A","A/A","A/A","A/A","A/A","A/A","A/A","A/A","A/A","A/A","A/A","A/A","A/A","A/A","A/A","A/A","A/A","A/A","A/A","A/A","-/-","A/A","A/A","A/A","A/A","A/A","A/A","A/A","A/A","A/A","A/A","A/A","A/A","A/A","A/A","A/A","A/A","A/A","A/A","A/A","A/A","A/A","A/A","A/A","A/A","A/G","A/G","A/A","A/A","A/A","A/A","A/A","A/A","A/A","A/A","A/A","A/G","A/A","A/A","A/A","A/A","A/A","A/A","A/A","A/A","A/A","A/A","A/A","A/A","A/A","A/A","A/A","A/A","A/A","A/A","A/A","A/A","A/A","A/G","A/A","A/A","A/A","A/A","A/G","A/G","A/A","A/G","A/A","A/G","A/G","A/A","A/A","A/A","A/A","A/A","A/A","A/G","A/A","A/A","G/G","A/A","A/G","A/A","A/A","A/G","A/A","A/G","A/A","A/G","A/G","A/A","A/A","A/A","A/A","A/G","A/A","A/A","A/A","A/A","A/A","A/A","A/A","A/A","A/A","A/G","A/A","A/A","A/G","A/A","A/A","A/A","A/A","A/A","A/A","A/A","A/A","A/A","A/A","A/G","A/A","A/A","A/A","A/A","A/A","A/A","A/A","A/A","A/A","A/A","A/A","A/A","A/A","A/A","A/A","A/A","A/A","A/A","A/A","A/A","A/A","A/A","A/A","A/A","A/A","A/A","A/A","A/A","A/A","A/A","A/A","A/A","A/A","A/A","A/A","A/A","A/A","A/A","A/A","-/-","A/A","A/A","A/A","A/A","A/A","A/A","A/A","A/A","A/A","A/A","A/A","A/A","A/G","A/A","A/A","A/A","A/A","A/A","A/A","A/G","A/A","A/A","A/A","A/A","A/A","A/A","A/A","A/A","A/A","A/A","A/A","A/A","A/A","A/A","A/A","A/A","A/A","A/A","A/G","A/G","A/G","A/A","A/A","A/A","A/A","A/A","-/-","A/A","A/G","A/A","A/A","A/G","A/A","A/A","A/A","A/A","A/A","A/A","A/A","A/A","A/A","A/G","A/A","A/A","A/A","A/A","A/A","A/A","A/A","A/A","A/A","A/A","A/A","A/A","A/A","A/A","A/A","A/A","A/A","A/G","A/A","-/-","A/A","A/A","A/A","A/A","A/A","A/G","A/A","A/A","A/A","A/A","A/A","A/A","A/A","A/G","A/A","A/G","A/A","A/G","A/A","A/G","A/A","A/A","A/A","A/A","A/A","A/A","A/A","A/A","A/A","A/A","A/A","A/A","A/A","A/A","A/G","A/A","-/-","A/A","A/A","A/A","A/A","A/A","A/A","A/A","A/A","A/A","A/A","A/A","A/A","A/A","A/A","A/A","A/A","A/A","A/A","A/A","A/A","A/A","A/A","A/A","A/A","A/A","A/A","A/A","A/A","A/A","A/A","A/A","A/A","A/A","A/A","A/A","A/A","A/A","A/A","A/A","A/A","A/A","A/A","A/A","A/A","A/A","A/A","A/A","A/A","A/A","A/A","A/A","G/G","A/A","A/A","A/A","A/A","A/A","A/A","A/A","A/A","A/A","A/A","A/A","A/A","A/A","A/A","A/A","A/A","A/A","A/G","A/A","A/A","A/A","A/A","A/A","A/A","A/G","A/A","A/A","A/A","A/G","A/A","A/A","A/G","A/A","A/A","A/G","A/G","A/A","A/A","A/G","A/G","A/G","-/-","A/G","A/G","A/A","A/A","A/A","A/A","A/G","A/A","A/A","A/A","A/A","A/A","A/A","A/A","A/A","A/A","A/A","A/A","A/A","A/A","A/A","A/A","A/A","A/A","A/A","A/A","A/A","A/A","A/A","A/A","A/A","A/A","A/A","A/A","A/A","A/A","A/A","A/A","A/A","A/A","A/A","A/A","A/A","A/A","A/A","A/A","A/G","A/A","A/A","A/A","A/G","A/A","A/A","A/A","A/A","A/G","A/A","A/A","A/A","A/G","A/A","A/G","A/A","A/A","A/A","A/A","A/A","A/A","A/A","A/A","A/A","A/G","A/A","A/G","A/G","A/G","A/G","A/A","A/A","A/A","G/G","A/A","A/G","A/A","A/A","A/G","A/G","A/A","A/A","A/G","A/A","A/A","A/A","A/A","A/A","A/A","A/A","A/A","A/A","A/A","A/G","A/A","A/A","A/G","A/A","A/A","A/G","A/A","A/A","A/G","A/G","A/A","A/G","A/G","G/G","A/A","A/A","A/A","A/A","A/A","A/A","A/A","A/A","A/A","A/A","A/A","A/A","A/A","A/A","A/A","A/A","A/A","G/G","G/G","G/G","G/G","-/-","-/-","G/G","G/G","G/G","A/A","G/G","G/G","G/G","G/G","A/A","A/A","A/A","A/A","A/A","A/A","G/G","G/G","A/A","A/A","A/A","A/A","A/A","G/G","G/G","G/G","A/A","A/A","G/G","G/G","A/A","A/A","A/A","A/A","A/A","A/G","A/A","A/G","A/A","A/A","A/A","A/A","A/A","-/-","A/A","A/A","A/A","A/A","A/A","-/-","A/A","A/A","A/A","A/A","A/A","A/A","A/A","A/A","A/A"
"306","PZA00445.18","4","49713883","C/C","C/C","A/C","C/C","A/C","C/C","C/C","C/C","C/C","A/C","C/C","C/C","C/C","C/C","C/C","C/C","C/C","C/C","C/C","C/C","C/C","-/-","C/C","C/C","C/C","C/C","C/C","C/C","C/C","C/C","C/C","C/C","C/C","C/C","C/C","C/C","C/C","C/C","C/C","C/C","C/C","C/C","C/C","C/C","C/C","C/C","C/C","C/C","C/C","C/C","C/C","C/C","C/C","C/C","C/C","C/C","C/C","C/C","C/C","-/-","C/C","C/C","C/C","C/C","C/C","C/C","-/-","C/C","C/C","C/C","C/C","C/C","C/C","C/C","C/C","C/C","C/C","C/C","C/C","C/C","C/C","C/C","C/C","C/C","C/C","C/C","C/C","C/C","C/C","C/C","C/C","C/C","C/C","C/C","C/C","C/C","C/C","C/C","C/C","C/C","C/C","C/C","A/A","C/C","A/A","C/C","C/C","A/C","C/C","C/C","C/C","C/C","C/C","A/C","C/C","C/C","C/C","C/C","A/C","A/C","-/-","C/C","C/C","A/C","A/C","C/C","C/C","C/C","A/C","C/C","A/C","A/A","A/C","C/C","A/C","C/C","C/C","C/C","C/C","C/C","A/C","A/C","C/C","C/C","C/C","C/C","C/C","C/C","C/C","C/C","A/C","C/C","A/A","C/C","C/C","C/C","C/C","C/C","C/C","C/C","C/C","A/C","C/C","C/C","C/C","C/C","C/C","C/C","C/C","A/C","C/C","C/C","A/C","C/C","A/C","C/C","C/C","C/C","A/C","C/C","C/C","C/C","A/C","A/C","A/C","C/C","C/C","A/C","C/C","C/C","A/C","C/C","C/C","-/-","C/C","C/C","C/C","C/C","C/C","C/C","C/C","C/C","C/C","C/C","C/C","C/C","C/C","C/C","C/C","C/C","C/C","C/C","C/C","C/C","C/C","C/C","C/C","C/C","C/C","C/C","C/C","C/C","C/C","C/C","C/C","C/C","C/C","C/C","C/C","C/C","C/C","C/C","C/C","C/C","C/C","C/C","C/C","C/C","C/C","C/C","C/C","C/C","C/C","C/C","C/C","C/C","C/C","C/C","C/C","C/C","C/C","C/C","C/C","C/C","C/C","C/C","C/C","C/C","C/C","C/C","C/C","C/C","C/C","C/C","C/C","C/C","C/C","C/C","C/C","C/C","C/C","C/C","C/C","C/C","C/C","C/C","C/C","C/C","C/C","C/C","C/C","C/C","C/C","C/C","C/C","C/C","C/C","C/C","C/C","C/C","C/C","C/C","C/C","C/C","C/C","C/C","C/C","-/-","C/C","C/C","C/C","C/C","C/C","C/C","C/C","C/C","C/C","C/C","C/C","C/C","-/-","C/C","C/C","C/C","C/C","C/C","C/C","C/C","C/C","C/C","C/C","C/C","C/C","C/C","C/C","C/C","C/C","C/C","C/C","C/C","C/C","C/C","C/C","C/C","C/C","C/C","C/C","C/C","C/C","C/C","C/C","C/C","C/C","C/C","C/C","C/C","C/C","C/C","C/C","C/C","C/C","C/C","C/C","C/C","C/C","C/C","C/C","C/C","C/C","C/C","C/C","C/C","C/C","C/C","C/C","C/C","C/C","C/C","C/C","C/C","C/C","C/C","C/C","C/C","C/C","C/C","C/C","-/-","C/C","C/C","C/C","C/C","C/C","C/C","C/C","C/C","C/C","C/C","C/C","C/C","C/C","C/C","C/C","C/C","C/C","C/C","C/C","C/C","C/C","C/C","C/C","C/C","C/C","C/C","C/C","C/C","C/C","C/C","C/C","C/C","C/C","C/C","C/C","C/C","C/C","C/C","C/C","C/C","C/C","C/C","C/C","C/C","C/C","C/C","C/C","C/C","C/C","C/C","C/C","C/C","C/C","C/C","C/C","C/C","C/C","C/C","C/C","C/C","C/C","C/C","C/C","C/C","C/C","C/C","C/C","C/C","C/C","C/C","C/C","C/C","C/C","C/C","-/-","C/C","C/C","C/C","C/C","C/C","C/C","C/C","C/C","-/-","C/C","C/C","C/C","C/C","C/C","C/C","C/C","C/C","C/C","C/C","C/C","C/C","C/C","C/C","C/C","C/C","A/C","C/C","C/C","C/C","C/C","C/C","C/C","C/C","C/C","C/C","C/C","C/C","C/C","C/C","C/C","C/C","C/C","C/C","C/C","C/C","C/C","C/C","C/C","C/C","C/C","C/C","C/C","C/C","C/C","C/C","C/C","C/C","C/C","C/C","C/C","C/C","C/C","C/C","C/C","C/C","C/C","C/C","C/C","C/C","C/C","C/C","C/C","C/C","C/C","C/C","C/C","C/C","A/A","C/C","C/C","C/C","C/C","C/C","C/C","C/C","C/C","C/C","C/C","C/C","C/C","C/C","C/C","C/C","C/C","C/C","C/C","C/C","C/C","C/C","C/C","C/C","C/C","C/C","C/C","C/C","C/C","C/C","C/C","C/C","C/C","C/C","C/C","C/C","C/C","C/C","C/C","C/C","C/C","C/C","C/C","C/C","C/C","C/C","C/C","C/C","A/A","C/C","C/C","C/C","C/C","-/-","C/C","C/C","C/C","C/C","C/C","C/C","C/C","C/C","C/C","C/C","A/C","C/C","A/C","C/C","C/C","C/C","C/C","C/C","C/C","C/C","C/C","C/C","C/C","C/C","C/C","C/C","C/C","A/C","C/C","C/C","A/C","C/C","C/C","C/C","A/A","C/C","A/C","C/C","C/C","A/C","C/C","C/C","C/C","C/C","C/C","C/C","C/C","C/C","C/C","C/C","C/C","C/C","A/C","C/C","C/C","C/C","C/C","C/C","C/C","C/C","C/C","C/C","C/C","C/C","A/A","C/C","C/C","C/C","C/C","C/C","C/C","C/C","C/C","C/C","C/C","C/C","C/C","C/C","C/C","C/C","C/C","C/C","C/C","C/C","C/C","C/C","C/C","C/C","C/C","C/C","C/C","C/C","C/C","C/C","C/C","A/C","C/C","C/C","C/C","C/C","C/C","C/C","C/C","C/C","C/C","C/C","C/C","C/C","C/C","C/C","C/C","A/C","C/C","C/C","C/C","C/C","A/C","C/C","C/C","C/C","C/C","C/C","C/C","C/C","C/C","C/C","C/C","C/C","C/C","C/C","C/C","C/C","C/C","C/C","C/C","C/C","C/C","C/C","C/C","C/C","C/C","C/C","C/C","C/C","C/C","C/C","C/C","C/C","C/C","C/C","C/C","C/C","C/C","A/A","C/C","C/C","C/C","C/C","C/C","C/C","C/C","C/C","C/C","C/C","C/C","C/C","C/C","C/C","C/C","C/C","C/C","C/C","C/C","C/C","C/C","C/C","C/C","C/C","C/C","C/C","C/C","C/C","C/C","C/C","C/C","C/C","C/C","C/C","C/C","C/C","C/C","C/C","C/C","C/C","C/C","C/C","C/C","C/C","A/C","C/C","C/C","C/C","C/C","C/C","C/C","C/C","C/C","C/C","C/C","C/C","C/C","C/C","C/C","C/C","C/C","C/C","C/C","C/C","C/C","C/C","C/C","C/C","C/C","C/C","C/C","C/C","C/C","C/C","C/C","C/C","C/C","C/C","C/C","C/C","C/C","C/C","C/C","C/C","C/C","C/C","C/C","C/C","C/C","C/C","C/C","C/C","C/C","C/C","C/C","C/C","C/C","C/C","C/C","C/C","C/C","C/C","C/C","C/C","C/C","C/C","C/C","C/C","C/C","C/C","C/C","C/C","C/C","C/C","C/C","-/-","C/C","C/C","C/C","-/-","C/C","C/C","C/C","C/C","C/C","C/C","C/C","C/C","C/C","C/C","C/C","C/C","C/C","C/C","C/C","C/C","A/C","C/C","C/C","C/C","C/C","A/C","C/C","C/C","C/C","C/C","C/C","A/C","C/C","C/C","C/C","A/C","C/C","C/C","C/C","C/C","C/C","A/C","C/C","C/C","C/C","C/C","C/C","C/C","C/C","C/C","C/C","C/C","C/C","C/C","C/C","C/C","C/C","C/C","C/C","C/C","C/C","C/C","C/C","C/C","C/C","C/C","C/C","C/C","C/C","C/C","C/C","C/C","C/C","C/C","C/C","C/C","C/C","C/C","C/C","C/C","C/C","C/C","C/C","C/C","C/C","C/C","C/C","C/C","C/C","C/C","C/C","C/C","A/A","A/A","A/A","C/C","C/C","A/A","A/A","A/A","A/A","C/C","C/C","C/C","C/C","C/C","C/C","C/C","A/A","A/A","A/A","C/C","C/C","C/C","C/C","C/C","C/C","C/C","C/C","C/C","C/C"
"706","PZA03337.1","4","47028353","A/A","A/A","A/A","A/A","A/A","A/A","A/A","A/A","A/A","A/A","A/A","A/A","A/A","A/A","A/A","A/A","A/A","A/A","A/A","A/A","A/A","A/A","A/A","A/A","A/A","A/A","A/A","A/A","A/A","A/A","A/A","A/A","A/A","A/A","A/A","A/A","A/A","A/A","A/A","A/A","A/A","A/A","A/A","A/A","A/A","A/A","A/A","A/A","A/A","A/A","A/A","A/A","A/A","A/A","A/A","A/A","A/A","A/A","A/A","A/A","A/A","A/A","A/A","A/A","A/A","-/-","A/A","A/A","A/A","A/A","A/A","A/A","T/T","A/A","A/A","A/A","A/A","A/A","A/A","A/A","A/A","A/A","A/A","A/A","A/A","A/A","A/A","A/A","A/A","A/A","A/A","A/A","A/A","A/A","A/A","A/A","A/A","A/A","A/A","A/A","A/A","A/A","A/A","A/A","A/A","A/A","A/A","A/A","A/A","A/A","A/A","A/A","A/A","A/A","A/A","A/T","A/A","A/A","A/A","A/A","A/A","A/A","-/-","A/A","-/-","A/A","A/A","A/A","A/A","A/A","A/A","A/A","A/A","-/-","A/A","A/A","A/A","A/A","A/T","A/A","A/A","A/A","A/A","A/A","A/A","A/A","A/A","A/A","A/A","A/A","A/A","-/-","A/A","A/A","A/A","A/A","A/A","A/A","A/A","A/A","A/A","A/A","A/A","A/A","A/A","A/A","A/A","A/A","A/A","A/A","A/A","A/A","A/A","A/A","A/A","A/A","A/A","A/A","A/A","A/A","A/A","A/A","A/A","A/A","A/A","A/A","A/A","A/A","A/A","A/A","A/A","A/A","-/-","A/A","-/-","A/A","-/-","A/A","A/A","A/A","A/A","-/-","A/A","-/-","A/A","A/A","A/A","A/A","A/A","A/A","A/A","A/A","A/A","A/A","A/A","A/A","A/A","A/A","A/A","A/A","A/A","A/A","A/A","A/A","A/A","A/A","A/A","A/A","A/A","A/A","A/A","A/A","A/A","A/A","-/-","A/A","A/A","A/A","A/A","A/A","A/A","A/A","A/A","A/A","A/A","-/-","A/A","A/A","A/A","A/A","A/A","A/A","A/A","A/A","A/A","A/A","A/A","A/A","-/-","A/A","A/A","A/A","A/A","A/A","A/A","A/A","A/A","A/A","-/-","A/A","A/A","A/A","A/A","A/A","A/A","A/A","A/A","A/A","A/A","A/A","A/A","A/A","A/A","A/A","A/A","A/A","A/A","A/A","-/-","A/A","A/A","A/A","A/A","A/A","A/A","A/A","A/A","A/A","A/A","A/A","-/-","-/-","A/A","A/A","A/A","A/A","A/A","A/A","A/A","A/A","A/A","A/A","A/A","A/A","A/A","A/A","-/-","A/A","-/-","A/A","A/A","-/-","A/A","-/-","A/A","A/A","A/A","A/A","A/A","A/A","A/A","A/A","A/A","A/A","A/A","A/A","A/A","A/A","A/A","A/A","A/A","-/-","A/A","A/A","-/-","A/A","A/A","A/A","A/A","A/A","A/A","A/A","-/-","A/A","A/A","A/A","A/A","A/A","A/A","A/A","A/A","-/-","A/A","A/A","A/A","A/A","A/A","A/A","A/A","A/A","A/A","-/-","A/A","A/A","A/A","A/A","A/A","A/A","A/A","A/A","A/A","A/A","A/A","A/A","A/A","A/A","A/A","A/A","A/A","A/A","A/A","A/A","A/A","A/A","A/A","A/A","-/-","A/A","A/A","A/A","A/A","A/A","A/A","A/A","A/A","A/A","A/A","A/A","A/A","A/A","A/A","A/A","A/A","A/A","A/A","A/A","A/A","A/A","-/-","A/A","A/A","A/A","A/A","A/A","A/A","A/A","A/A","A/A","A/A","A/A","A/A","A/A","A/A","A/A","A/A","A/A","-/-","A/A","A/A","A/A","A/A","A/A","A/A","A/A","A/A","A/A","A/A","A/A","A/A","A/A","A/A","A/A","A/A","A/A","A/A","-/-","A/A","A/A","A/A","A/A","A/A","A/A","A/A","A/A","A/A","A/A","-/-","A/A","A/A","A/A","A/A","A/A","A/A","A/A","-/-","A/A","A/A","A/A","A/A","A/A","A/A","A/A","A/A","A/A","A/A","A/A","A/A","A/A","A/A","A/A","A/A","A/A","A/A","A/A","A/A","A/A","A/A","A/A","A/A","A/A","A/A","A/A","A/A","A/A","A/A","A/A","A/A","A/A","A/A","A/A","A/A","-/-","A/A","A/A","A/A","A/A","-/-","A/A","A/A","A/A","A/A","A/A","A/A","A/A","A/A","A/A","A/A","A/A","A/A","A/A","A/A","A/A","A/A","A/A","A/A","A/A","A/A","A/A","A/A","A/A","A/A","A/A","-/-","A/A","A/A","A/A","A/A","A/A","-/-","A/A","A/A","A/A","A/A","A/A","A/A","-/-","A/A","A/A","A/A","A/A","A/A","A/A","A/A","A/A","A/A","A/A","A/A","A/A","A/A","A/A","A/A","A/A","A/A","A/A","A/A","-/-","A/A","A/A","A/A","A/A","A/A","A/A","A/A","A/A","A/A","A/A","A/A","A/A","-/-","A/A","-/-","A/A","A/A","A/A","A/A","-/-","A/A","A/A","A/A","A/A","A/A","A/A","A/A","A/A","A/A","A/A","A/A","A/A","A/A","-/-","A/A","A/A","A/A","A/A","A/A","A/A","A/A","A/A","A/A","A/A","A/A","A/A","A/A","A/A","A/A","A/A","A/A","A/A","A/T","A/A","A/A","A/A","A/A","A/A","A/A","A/A","A/A","A/A","A/A","A/A","A/A","A/A","A/T","A/A","A/A","A/A","-/-","A/A","A/T","A/A","A/A","A/A","A/A","A/A","-/-","A/A","A/A","A/A","A/A","A/A","A/A","A/A","A/A","A/A","-/-","A/A","A/A","A/A","A/A","A/A","A/A","A/A","A/A","A/A","A/A","A/A","A/A","A/A","A/A","A/A","A/A","A/A","A/A","A/A","-/-","A/A","A/A","A/A","-/-","A/A","A/A","A/A","A/A","A/A","A/T","A/A","-/-","A/A","A/A","A/T","A/A","A/A","A/A","-/-","A/A","A/A","A/A","A/A","A/T","A/A","A/A","A/A","A/A","A/A","A/A","-/-","-/-","A/A","A/A","A/A","A/A","A/A","A/A","A/T","A/A","A/A","A/A","A/A","A/A","A/A","A/A","A/A","A/A","A/A","A/A","-/-","A/A","A/A","A/A","A/A","A/A","A/A","A/A","A/A","A/A","A/A","A/A","A/A","A/A","A/A","A/A","A/A","A/A","A/A","A/A","A/A","A/A","A/A","A/A","A/A","A/A","-/-","A/A","A/T","A/A","A/A","-/-","A/A","A/A","A/A","A/A","T/T","A/T","A/A","A/A","A/A","A/A","A/A","A/A","A/A","-/-","A/A","A/A","A/A","A/A","A/A","A/A","A/A","A/A","A/A","A/A","A/A","A/A","A/A","A/A","A/A","A/A","A/A","A/A","A/A","A/A","A/A","A/A","A/A","A/A","A/A","A/A","A/A","A/A","A/A","A/A","A/A","A/A","A/A","A/A","A/A","A/A","A/A","A/A","A/A","A/A","A/A","-/-","A/A","A/A","A/A","-/-","A/A","-/-","A/A","A/A","A/A","A/A","A/A","A/T","A/A","A/A","A/A","A/A","A/A","A/A","A/A","A/A","A/A","A/A","-/-","A/A","A/A","A/A","A/A","A/A","A/A","A/A","A/A","A/A","-/-","A/A","A/A","A/A","A/A","A/A","A/A","A/A","A/A","A/A","A/A","A/A","A/A","A/A","A/A","A/A","A/A","A/A","A/A","A/A","A/A","A/A","A/A","-/-","A/A","A/A","A/A","A/A","A/A","A/A","A/A","A/A","A/A","A/A","A/A","A/A","A/A","A/A","A/A","A/A","A/A","A/A","A/A","A/A","A/A","A/A","A/A","A/A","A/A","A/A","A/A","A/A","A/A","A/A","A/A","A/A","A/A","A/A","A/A","A/A","T/T","A/A","A/A","T/T","A/A","A/A","A/A","A/A","A/A","T/T","-/-","A/A","A/A","A/A","A/A","A/A","A/A","A/A","A/T","A/A","A/A","A/A","A/A","A/A","A/A","A/A","A/A","A/A","-/-","A/A","A/A","A/A","A/A","A/A","A/A","A/A","-/-","A/A","A/A","A/A","A/A","A/A","A/A","A/A","-/-","A/A","A/A","A/A","A/A","A/A","T/T","T/T","T/T","A/A","A/A","A/A","A/A","A/A","A/A","A/A"
"970","su1.5","4","41198386","A/G","G/G","G/G","A/G","A/G","A/G","A/G","G/G","G/G","A/G","A/A","G/G","G/G","A/G","G/G","A/G","A/A","G/G","A/G","G/G","G/G","A/G","A/G","A/A","A/A","A/G","G/G","A/A","A/G","A/A","A/A","A/A","A/G","G/G","A/G","A/G","G/G","A/A","A/A","A/A","G/G","A/G","G/G","G/G","A/A","A/A","G/G","A/A","A/A","A/G","A/A","A/A","A/A","A/A","A/G","A/A","A/G","A/G","A/G","A/G","G/G","A/A","G/G","G/G","A/A","A/A","G/G","A/A","A/G","G/G","A/G","A/G","G/G","A/G","A/G","A/G","A/G","A/G","A/A","A/G","A/A","A/G","A/G","G/G","G/G","A/G","A/G","G/G","G/G","G/G","G/G","G/G","A/A","G/G","G/G","G/G","A/G","G/G","G/G","G/G","G/G","G/G","G/G","G/G","G/G","-/-","G/G","A/A","G/G","A/G","G/G","G/G","-/-","A/A","-/-","-/-","A/G","A/A","A/G","G/G","A/A","A/A","A/A","A/G","G/G","G/G","A/G","A/A","G/G","A/A","A/G","G/G","A/A","A/A","A/G","A/G","A/A","A/A","G/G","A/A","A/G","G/G","A/G","G/G","G/G","G/G","A/G","A/G","A/G","G/G","G/G","A/A","G/G","A/A","A/A","-/-","A/G","G/G","-/-","A/A","A/A","A/G","A/G","G/G","G/G","G/G","G/G","G/G","G/G","G/G","G/G","G/G","G/G","G/G","G/G","G/G","G/G","G/G","G/G","G/G","G/G","G/G","A/G","G/G","G/G","A/A","G/G","G/G","A/A","-/-","G/G","-/-","G/G","G/G","G/G","G/G","G/G","G/G","G/G","G/G","G/G","G/G","-/-","G/G","G/G","G/G","G/G","G/G","G/G","G/G","G/G","G/G","G/G","G/G","G/G","G/G","G/G","G/G","G/G","G/G","G/G","A/A","G/G","G/G","A/G","G/G","G/G","G/G","G/G","G/G","G/G","G/G","G/G","G/G","G/G","G/G","-/-","G/G","G/G","G/G","G/G","G/G","G/G","G/G","G/G","G/G","G/G","G/G","G/G","G/G","G/G","G/G","G/G","G/G","G/G","G/G","G/G","G/G","G/G","G/G","G/G","G/G","G/G","G/G","G/G","G/G","G/G","G/G","G/G","G/G","G/G","G/G","A/G","G/G","-/-","G/G","-/-","G/G","G/G","G/G","G/G","G/G","G/G","G/G","G/G","G/G","G/G","G/G","G/G","-/-","G/G","G/G","G/G","G/G","G/G","G/G","G/G","G/G","G/G","-/-","G/G","G/G","G/G","G/G","G/G","G/G","-/-","G/G","G/G","G/G","G/G","G/G","G/G","G/G","G/G","G/G","G/G","G/G","G/G","G/G","G/G","G/G","G/G","G/G","G/G","G/G","G/G","G/G","G/G","G/G","G/G","G/G","G/G","G/G","G/G","G/G","G/G","G/G","G/G","G/G","G/G","G/G","G/G","G/G","G/G","-/-","G/G","G/G","G/G","G/G","G/G","G/G","G/G","G/G","G/G","G/G","A/G","G/G","A/G","A/A","G/G","G/G","G/G","G/G","A/A","G/G","G/G","G/G","G/G","G/G","G/G","A/G","G/G","G/G","G/G","A/G","-/-","A/A","G/G","G/G","G/G","G/G","G/G","G/G","G/G","G/G","A/A","G/G","G/G","G/G","-/-","-/-","G/G","A/G","G/G","G/G","G/G","A/A","G/G","G/G","G/G","G/G","G/G","G/G","G/G","G/G","G/G","G/G","-/-","G/G","G/G","G/G","G/G","G/G","G/G","G/G","G/G","G/G","G/G","G/G","G/G","G/G","-/-","G/G","A/G","G/G","G/G","G/G","-/-","G/G","A/A","G/G","G/G","A/G","G/G","G/G","G/G","G/G","G/G","A/G","G/G","G/G","G/G","G/G","G/G","G/G","G/G","G/G","G/G","G/G","G/G","G/G","G/G","G/G","G/G","G/G","G/G","G/G","G/G","A/A","A/G","A/A","G/G","G/G","G/G","G/G","G/G","G/G","A/G","A/A","A/G","G/G","A/G","-/-","G/G","G/G","G/G","G/G","G/G","G/G","G/G","A/A","G/G","G/G","G/G","A/G","A/A","G/G","A/G","G/G","G/G","G/G","G/G","G/G","A/G","G/G","G/G","A/G","G/G","A/A","G/G","A/G","A/A","G/G","G/G","G/G","G/G","A/G","G/G","G/G","A/G","G/G","G/G","G/G","G/G","G/G","A/G","G/G","G/G","G/G","G/G","-/-","G/G","G/G","G/G","G/G","-/-","A/G","G/G","A/G","G/G","G/G","G/G","G/G","G/G","-/-","A/A","G/G","A/G","G/G","G/G","A/G","G/G","-/-","G/G","-/-","G/G","-/-","G/G","G/G","-/-","G/G","G/G","G/G","G/G","G/G","G/G","G/G","G/G","G/G","G/G","G/G","G/G","-/-","G/G","G/G","G/G","G/G","G/G","G/G","G/G","G/G","G/G","G/G","G/G","G/G","G/G","G/G","-/-","G/G","G/G","-/-","G/G","G/G","G/G","G/G","G/G","G/G","G/G","A/G","G/G","G/G","G/G","G/G","A/A","G/G","G/G","G/G","G/G","G/G","-/-","A/A","G/G","G/G","G/G","G/G","A/G","G/G","G/G","G/G","-/-","G/G","G/G","G/G","G/G","G/G","G/G","A/G","-/-","G/G","G/G","G/G","G/G","A/G","G/G","G/G","G/G","A/A","G/G","G/G","G/G","G/G","G/G","G/G","G/G","G/G","G/G","-/-","G/G","-/-","G/G","G/G","G/G","A/G","G/G","G/G","G/G","A/G","-/-","G/G","A/A","G/G","G/G","A/A","G/G","-/-","G/G","G/G","G/G","G/G","G/G","G/G","G/G","G/G","G/G","G/G","G/G","G/G","G/G","G/G","A/A","G/G","G/G","G/G","G/G","G/G","A/A","G/G","G/G","G/G","G/G","G/G","G/G","G/G","G/G","G/G","G/G","G/G","A/G","G/G","A/G","A/G","G/G","G/G","G/G","G/G","G/G","G/G","G/G","G/G","G/G","G/G","G/G","G/G","G/G","G/G","G/G","G/G","A/G","G/G","G/G","G/G","G/G","G/G","G/G","G/G","A/G","G/G","G/G","G/G","G/G","-/-","G/G","G/G","G/G","G/G","G/G","G/G","G/G","G/G","G/G","G/G","A/G","G/G","G/G","G/G","G/G","G/G","A/A","G/G","G/G","A/A","G/G","A/A","G/G","A/A","G/G","A/G","A/A","A/G","A/A","G/G","G/G","G/G","A/G","G/G","G/G","-/-","A/G","A/A","G/G","A/A","G/G","-/-","G/G","G/G","G/G","G/G","G/G","G/G","G/G","G/G","G/G","A/G","A/G","G/G","G/G","G/G","G/G","G/G","A/A","A/G","-/-","A/A","G/G","G/G","G/G","G/G","G/G","G/G","G/G","G/G","G/G","G/G","G/G","G/G","G/G","G/G","G/G","G/G","G/G","G/G","-/-","G/G","G/G","G/G","G/G","G/G","G/G","G/G","G/G","G/G","G/G","G/G","G/G","G/G","G/G","G/G","G/G","G/G","G/G","G/G","-/-","G/G","A/G","G/G","G/G","G/G","G/G","G/G","G/G","G/G","G/G","G/G","G/G","G/G","G/G","G/G","G/G","G/G","G/G","G/G","G/G","A/G","G/G","A/G","G/G","G/G","A/A","G/G","G/G","G/G","G/G","G/G","G/G","G/G","G/G","-/-","G/G","G/G","G/G","G/G","G/G","G/G","G/G","G/G","G/G","G/G","G/G","G/G","G/G","G/G","G/G","G/G","G/G","G/G","G/G","G/G","G/G","G/G","G/G","G/G","A/G","G/G","G/G","A/G","G/G","A/G","G/G","G/G","G/G","G/G","G/G","-/-","G/G","G/G","G/G","G/G","G/G","G/G","G/G","G/G","A/G","G/G","A/G","A/G","G/G","G/G","A/G","A/G","G/G","G/G","G/G","G/G","G/G","G/G","G/G","G/G","G/G","G/G","G/G","G/G","G/G","G/G","G/G","G/G","G/G","G/G","G/G","G/G","G/G","G/G","G/G","G/G","-/-","-/-","-/-","A/A","A/A","G/G","G/G","G/G","G/G","G/G","-/-","-/-","A/A","A/A","A/A","G/G","G/G","-/-","-/-","-/-","G/G","G/G","G/G","G/G","G/G","G/G","G/G","G/G","G/G","G/G","G/G","G/G","G/G","G/G","-/-","-/-","G/G","G/G","G/G","G/G","G/G"
"971","su1.7","4","41196048","C/T","C/C","C/C","-/-","C/T","C/T","-/-","C/C","C/C","C/T","C/T","C/C","C/C","C/T","C/C","C/T","C/T","C/C","C/T","C/C","C/C","C/T","C/T","C/T","C/T","C/T","C/C","T/T","C/T","C/T","T/T","C/T","C/T","C/C","C/T","C/T","C/C","T/T","T/T","T/T","C/C","C/T","C/C","C/C","C/T","T/T","C/C","C/T","C/T","C/T","T/T","T/T","T/T","T/T","C/T","T/T","C/T","C/T","C/T","C/T","C/C","C/T","C/C","C/C","T/T","T/T","C/C","T/T","C/T","C/C","C/T","C/T","C/C","C/T","C/T","C/T","C/T","C/T","C/T","C/T","T/T","C/T","C/T","C/C","C/C","C/T","C/T","C/C","C/C","C/C","C/C","C/C","C/T","C/C","C/C","C/C","C/T","C/C","C/C","C/C","C/C","C/C","C/C","C/C","C/C","C/C","C/C","T/T","C/C","C/T","C/C","-/-","C/C","T/T","C/C","C/T","C/T","T/T","C/T","C/C","T/T","T/T","T/T","C/T","C/C","C/C","C/T","T/T","C/C","C/T","C/C","C/C","T/T","C/C","C/T","C/T","T/T","T/T","C/C","T/T","C/T","C/C","C/C","C/C","C/C","C/C","C/T","C/T","C/T","C/C","C/C","T/T","C/C","T/T","T/T","C/T","C/T","C/C","T/T","T/T","T/T","C/T","C/T","C/C","C/C","C/C","-/-","C/C","C/C","C/C","C/C","C/C","C/C","C/C","C/C","C/C","C/C","C/C","C/C","C/C","C/C","C/C","C/C","C/C","C/C","C/C","C/C","C/C","C/C","C/C","C/C","C/C","C/C","C/C","C/C","C/C","C/C","C/C","C/C","C/C","-/-","C/C","C/T","C/C","C/C","C/C","C/C","C/C","C/C","C/C","C/C","C/C","C/C","C/C","C/C","C/C","C/C","C/C","C/C","C/C","C/C","C/T","C/C","C/C","C/T","C/C","C/C","C/C","C/C","C/C","C/C","C/C","C/C","C/C","C/C","C/C","C/C","C/C","C/C","C/C","C/C","C/C","C/C","C/C","C/C","C/C","C/C","C/C","C/C","C/C","C/C","C/C","C/C","C/C","C/C","C/C","C/C","C/C","C/C","C/C","C/C","C/C","C/C","C/C","C/C","C/C","C/C","C/C","C/C","C/C","C/C","C/C","C/T","C/C","C/C","C/C","C/C","C/C","C/C","C/C","C/C","C/C","C/C","C/C","C/C","C/C","C/C","C/C","C/C","C/T","C/C","C/C","C/C","C/C","C/C","C/C","C/C","C/C","C/C","C/C","C/C","C/C","C/C","C/C","C/C","C/C","C/C","C/C","C/C","C/C","C/C","-/-","C/C","C/C","C/C","C/T","C/C","C/C","C/C","C/C","C/C","C/C","C/C","C/C","C/C","C/C","C/C","C/C","C/C","C/C","C/C","C/C","C/C","C/C","C/C","C/C","C/C","C/C","C/C","C/C","C/C","C/C","C/C","C/C","C/C","C/C","C/C","C/C","C/C","C/C","C/C","C/C","C/C","C/C","C/C","C/C","C/T","C/C","C/T","C/T","C/C","-/-","C/C","C/C","C/T","C/C","C/C","C/C","C/C","C/C","C/C","C/T","C/C","C/C","C/C","C/T","C/C","C/T","C/C","C/C","C/C","C/C","C/C","C/C","C/C","C/C","C/T","C/C","C/C","C/C","C/C","C/C","C/C","C/T","C/C","-/-","C/C","C/T","C/T","C/C","C/C","C/C","C/C","C/C","C/C","C/C","C/C","C/C","C/C","C/C","C/C","C/C","C/C","C/C","C/C","C/C","C/C","C/C","C/C","C/C","C/C","C/C","C/C","C/C","C/T","C/C","C/C","C/C","C/T","C/C","C/T","C/C","C/C","C/T","C/C","C/C","C/C","C/C","C/C","C/T","C/C","C/C","C/C","C/C","C/C","C/C","C/C","C/C","C/C","C/C","C/C","C/C","C/C","C/C","C/C","C/C","C/C","C/C","C/C","C/T","C/T","T/T","C/C","C/C","C/C","C/C","C/C","C/C","C/T","T/T","C/T","C/C","-/-","C/C","C/C","C/C","C/C","C/C","C/C","C/C","C/C","C/T","C/C","C/C","C/C","C/T","T/T","C/C","C/C","C/C","C/C","C/C","C/C","C/C","C/T","C/C","C/C","C/T","C/C","C/T","C/C","C/T","T/T","C/C","C/C","C/C","C/C","C/T","C/C","C/C","C/T","C/C","C/C","C/C","C/C","C/C","C/T","C/C","C/C","C/C","C/C","C/C","C/C","C/C","C/C","C/C","C/C","C/T","C/C","C/T","C/C","C/C","C/C","C/C","C/C","C/C","C/T","C/C","C/T","C/C","C/C","C/T","C/C","C/T","C/C","C/C","C/C","C/C","C/C","C/C","C/C","C/C","C/C","C/C","C/C","C/C","C/C","C/C","C/C","C/C","C/C","C/C","C/C","C/C","C/C","C/C","C/C","C/C","C/C","C/C","C/C","C/C","C/C","C/C","C/C","C/C","C/C","C/C","C/C","C/C","C/C","C/T","C/C","C/C","C/C","C/C","C/C","C/C","C/C","C/T","C/C","C/C","C/C","C/C","C/T","C/C","C/C","C/C","C/C","C/C","C/C","T/T","C/C","C/C","C/C","C/C","C/T","C/C","C/C","C/C","C/C","C/C","C/C","C/C","C/C","C/C","C/C","C/T","C/T","C/C","C/C","C/C","-/-","C/T","C/C","C/C","C/C","C/T","C/C","C/C","C/C","C/C","C/C","C/C","C/C","C/C","C/C","C/C","C/C","C/C","C/C","C/C","C/C","C/C","C/C","C/C","C/C","C/T","C/C","C/C","T/T","C/C","C/C","C/T","C/C","C/C","C/C","C/C","C/C","C/C","C/C","C/C","C/C","C/C","C/C","C/C","C/C","C/C","C/C","C/C","C/T","C/C","C/C","C/C","C/C","C/C","C/T","C/C","C/C","C/C","C/C","C/C","C/C","C/C","C/C","C/C","C/C","C/C","C/T","C/C","C/T","C/T","C/C","C/C","C/C","C/C","C/C","C/C","C/C","C/C","C/C","C/C","C/C","C/C","C/C","C/C","C/C","C/C","C/T","C/C","C/C","C/C","C/C","C/C","C/C","C/C","C/T","C/C","C/C","C/C","C/C","C/C","C/C","C/C","C/C","C/C","C/C","C/C","C/C","C/C","C/C","C/C","C/T","C/C","C/C","C/C","C/C","C/C","C/T","C/C","C/C","C/T","C/C","C/T","C/C","C/T","C/C","C/T","C/T","C/T","C/T","C/C","C/C","C/C","C/T","C/C","C/C","C/C","C/T","C/T","C/C","C/T","C/C","C/C","C/C","C/C","C/C","C/C","C/C","C/C","C/C","C/C","C/C","-/-","C/T","C/C","C/C","C/C","C/C","C/C","C/T","C/T","C/C","C/T","C/C","-/-","C/C","C/C","C/C","C/C","C/C","C/C","C/C","C/C","C/C","C/C","C/C","C/C","C/C","C/C","C/C","C/C","C/C","C/C","C/C","C/C","C/C","-/-","C/C","C/C","C/C","C/C","C/C","C/C","C/C","C/C","C/C","C/C","C/C","C/C","C/C","C/C","C/C","C/C","C/C","C/C","C/C","C/C","C/C","C/C","C/C","C/C","C/C","C/C","C/C","C/C","C/C","C/C","C/C","C/C","C/C","C/C","C/C","C/T","C/C","C/C","C/C","C/C","C/C","C/C","C/C","C/C","C/C","C/C","C/C","C/C","C/C","-/-","C/C","C/C","C/C","C/C","C/C","C/C","C/C","C/C","C/C","-/-","C/C","C/C","C/C","C/C","C/C","C/C","C/C","C/C","C/C","C/C","C/C","C/C","C/C","C/C","-/-","C/C","C/C","C/T","C/C","C/T","C/C","C/C","C/C","C/C","C/C","C/C","C/C","C/C","C/C","C/C","C/C","C/C","C/C","C/C","C/T","C/C","C/T","C/T","C/C","C/C","C/T","C/T","C/C","C/C","C/C","C/C","C/C","C/C","C/C","C/C","C/C","C/C","C/C","C/C","C/C","C/C","C/C","C/C","C/C","C/C","C/C","C/C","C/C","C/C","C/C","C/C","C/C","C/C","C/C","T/T","T/T","C/C","C/C","C/C","C/C","C/C","C/C","C/C","C/C","C/C","C/C","C/C","C/C","C/C","C/C","C/C","C/C","C/C","C/C","C/C","-/-","C/C","C/C","C/C","C/C","C/C","C/C","C/C","C/C","C/C","C/C","-/-","C/C","C/C","C/C","C/C","C/C"
"969","su1.4","4","41189019","G/G","G/G","G/G","G/T","G/G","G/T","G/G","G/G","G/G","G/G","G/G","G/G","G/G","G/G","G/G","G/G","G/G","G/G","G/G","G/G","G/G","G/G","G/G","G/G","G/G","G/G","G/G","G/T","G/G","G/G","G/G","G/T","G/G","G/G","G/T","G/T","G/G","T/T","T/T","G/G","G/G","G/G","G/G","G/G","G/T","G/G","G/G","G/T","G/G","G/G","T/T","G/G","G/T","G/T","G/T","G/G","G/G","-/-","G/G","G/G","G/G","G/T","G/G","G/G","G/G","G/G","G/G","G/G","G/T","G/G","G/T","G/G","G/G","G/G","G/G","G/G","G/G","G/G","G/T","G/G","G/T","G/G","G/T","G/G","G/G","G/G","G/G","G/G","G/G","G/G","G/G","G/G","G/T","G/G","G/G","G/G","G/G","G/G","G/G","G/G","G/G","G/G","G/G","G/G","G/G","G/G","G/G","G/T","G/G","G/G","G/G","G/G","G/G","T/T","G/G","G/G","G/G","G/G","G/G","G/G","G/G","G/G","-/-","G/G","-/-","G/G","G/G","G/G","G/G","G/G","G/G","G/G","G/G","G/G","G/G","G/G","G/G","G/G","G/G","G/G","G/G","G/G","-/-","G/G","G/G","G/G","G/G","G/G","G/G","G/G","G/G","-/-","G/G","G/G","G/G","G/G","G/G","G/G","G/G","G/G","G/G","G/G","G/G","G/G","G/G","G/G","G/G","G/G","G/G","G/G","G/G","G/G","G/G","G/G","G/G","G/G","G/G","G/G","G/G","G/G","G/G","G/G","G/G","G/G","G/G","G/G","G/G","G/G","G/G","G/G","G/G","G/G","G/G","G/G","-/-","G/G","-/-","G/G","G/G","G/G","G/G","-/-","G/G","-/-","G/G","G/G","G/G","G/G","G/G","G/G","G/G","G/G","G/G","G/G","G/G","G/G","G/G","G/G","G/G","G/G","G/G","G/G","G/G","G/G","G/G","G/G","G/G","G/G","G/G","G/G","G/G","G/G","G/G","G/G","-/-","G/G","G/G","G/G","G/G","G/G","G/G","G/G","G/G","G/G","G/G","-/-","G/G","G/G","G/G","G/G","G/G","G/G","G/G","G/G","G/G","G/G","G/G","G/G","-/-","G/G","G/G","G/G","G/G","G/G","G/G","G/G","G/G","G/G","-/-","G/G","G/G","G/G","G/G","G/G","G/G","G/G","G/G","G/G","G/G","G/G","G/G","-/-","G/G","G/G","G/G","G/G","G/G","G/G","-/-","G/G","G/G","G/G","G/G","G/G","G/G","G/G","G/G","G/G","G/G","G/G","-/-","-/-","G/G","G/G","G/G","G/G","G/G","G/G","G/G","G/G","G/G","G/G","G/G","G/G","G/G","G/G","-/-","G/G","-/-","G/G","G/G","-/-","G/G","-/-","G/G","G/G","G/G","G/G","G/G","G/G","G/G","G/G","G/G","G/G","G/G","G/G","G/G","G/G","G/G","G/G","G/G","-/-","G/G","G/G","-/-","G/G","G/G","G/G","G/G","G/G","G/G","G/G","-/-","G/G","G/G","G/G","G/G","G/G","G/G","G/T","G/G","G/G","G/G","G/G","G/G","G/G","G/G","G/G","G/G","G/G","G/G","-/-","G/G","G/G","G/G","G/G","G/G","G/G","G/G","G/G","G/G","G/G","G/G","G/G","G/G","G/G","G/G","G/G","G/G","G/G","G/G","G/G","G/G","-/-","G/G","G/G","-/-","G/G","G/G","G/G","G/G","G/G","G/G","G/G","G/G","G/G","G/G","G/G","G/G","G/G","G/G","G/G","G/G","G/G","G/G","G/G","G/G","G/G","-/-","G/G","G/G","G/G","G/G","G/G","G/G","G/G","G/G","G/G","G/G","G/G","G/G","G/G","G/G","G/G","G/G","G/G","G/G","G/G","G/G","G/G","G/G","G/G","G/G","G/G","G/G","G/G","G/G","G/G","G/G","G/G","G/G","G/G","G/G","G/G","G/G","-/-","G/G","G/G","G/G","G/T","G/G","G/T","G/G","G/G","G/G","G/G","G/G","G/G","G/G","T/T","G/G","G/G","G/T","G/G","G/G","G/G","G/G","G/G","G/G","G/G","G/G","G/G","G/G","G/G","G/G","G/G","G/G","G/G","G/G","G/G","G/G","G/G","G/G","G/G","G/T","G/G","G/G","G/G","G/G","G/G","G/G","G/G","G/G","G/G","G/G","G/G","G/G","G/G","G/G","G/G","G/G","-/-","G/G","G/G","G/G","G/G","G/G","G/G","G/G","G/G","G/G","G/G","G/G","G/G","G/G","G/G","G/G","G/G","G/G","G/T","G/G","G/G","G/G","-/-","G/G","G/G","G/G","G/G","G/T","G/G","G/G","G/G","-/-","G/G","G/G","G/G","G/G","G/G","-/-","G/G","G/G","G/G","G/G","G/G","G/G","-/-","G/G","G/G","G/G","G/G","G/G","G/G","G/G","G/G","G/G","G/G","G/G","G/G","G/G","G/G","G/G","G/G","G/G","G/G","G/G","-/-","G/G","G/G","G/G","G/G","G/G","G/T","G/G","G/G","G/G","G/G","G/G","G/G","-/-","G/G","G/G","G/G","G/G","G/G","G/G","G/G","G/G","G/G","G/G","G/G","G/G","G/G","G/G","G/G","G/G","G/G","G/G","G/G","-/-","-/-","G/G","G/G","G/G","G/G","G/G","G/G","G/G","G/T","G/T","G/G","G/G","G/G","G/G","G/T","G/G","G/G","G/G","-/-","G/G","G/G","G/G","G/G","G/G","G/G","G/G","G/G","G/G","G/G","G/G","G/G","G/G","G/G","G/G","G/G","G/G","G/G","-/-","G/T","G/G","G/G","G/G","G/G","G/G","G/T","-/-","G/G","G/G","G/G","G/G","G/G","G/G","G/G","G/G","G/G","-/-","G/G","G/G","G/G","G/G","G/G","-/-","G/G","G/G","G/G","G/G","G/G","G/T","G/G","G/G","G/G","G/G","G/G","G/G","G/G","G/G","G/G","G/G","G/G","-/-","G/G","G/T","G/T","G/G","G/G","G/G","G/G","-/-","G/G","G/G","G/G","G/G","G/G","G/G","-/-","G/G","G/G","G/G","G/G","G/G","G/G","G/G","G/G","G/G","G/G","G/G","-/-","-/-","G/G","G/G","G/G","G/G","G/G","G/G","G/G","G/G","G/G","G/G","G/G","G/G","G/G","G/G","G/G","G/G","G/G","G/G","-/-","G/G","G/G","G/T","G/G","G/G","G/G","G/G","G/G","G/G","G/G","G/G","G/G","G/T","G/G","G/G","G/G","G/G","G/G","G/G","G/G","G/G","G/G","G/G","G/T","G/G","-/-","G/G","G/G","G/G","G/G","-/-","G/G","G/G","G/G","G/G","G/G","G/G","G/G","G/G","G/G","G/G","G/G","G/G","G/G","-/-","G/G","G/G","G/G","G/G","G/G","G/G","G/G","G/G","G/G","G/G","G/G","G/G","G/G","G/G","G/G","G/G","G/G","G/G","-/-","G/G","G/G","G/G","G/G","G/G","G/G","G/G","G/G","G/G","G/G","G/G","G/G","G/G","G/G","G/G","G/G","G/G","G/G","G/G","G/G","G/G","G/G","-/-","G/G","G/G","G/G","-/-","G/G","G/G","G/G","G/G","G/G","G/G","G/G","G/G","G/G","G/G","G/G","G/G","G/G","G/G","G/G","G/G","G/T","-/-","-/-","G/G","G/G","G/G","G/G","G/G","G/G","G/G","G/G","G/G","-/-","G/G","G/G","G/G","G/G","G/G","G/G","G/G","G/G","G/G","G/G","G/G","G/G","G/G","G/G","G/G","G/G","G/G","G/G","G/G","G/G","G/G","G/G","-/-","G/G","-/-","G/G","G/T","G/G","G/G","G/T","G/G","G/T","G/G","G/G","G/G","G/G","G/G","G/G","G/G","G/G","G/G","G/G","G/G","G/G","G/G","G/G","G/G","G/G","G/G","G/G","G/G","G/G","G/G","G/G","G/G","G/G","G/G","G/G","G/G","G/G","G/G","G/G","G/G","G/G","G/G","G/G","G/G","G/G","G/G","G/G","G/G","G/G","G/G","G/G","G/G","G/G","G/G","G/G","G/G","G/G","G/G","G/G","G/G","G/G","G/G","G/G","G/G","G/G","G/G","G/G","G/G","G/G","G/G","G/G","G/G","G/G","G/G","G/G","G/G","G/G","G/G","G/G","G/G","G/G","G/G","G/G","G/G","G/G","G/G","G/G","G/G","G/G","G/G","G/G","G/G","G/G","G/G","G/G","G/G"
"219","PZA00315.1","4","39975317","C/C","C/T","C/T","C/C","T/T","T/T","C/T","T/T","T/T","C/T","C/T","T/T","C/C","T/T","C/T","C/C","T/T","-/-","C/C","C/C","T/T","C/T","C/C","C/T","C/T","C/T","C/T","C/C","C/T","C/T","T/T","T/T","C/T","C/T","C/T","C/C","C/C","C/C","C/T","C/C","C/T","C/C","C/T","C/C","T/T","C/T","C/C","T/T","C/C","C/C","T/T","C/C","C/T","C/T","C/T","C/C","C/C","T/T","T/T","C/C","C/T","C/T","C/C","C/C","C/C","C/T","C/T","C/T","C/C","C/T","C/C","C/C","C/C","T/T","C/T","T/T","C/T","C/C","C/C","C/C","C/T","C/C","T/T","C/T","T/T","C/C","-/-","C/C","C/C","C/T","C/C","C/C","C/T","C/T","T/T","C/C","C/T","C/T","C/T","C/C","T/T","C/C","T/T","T/T","T/T","T/T","C/T","C/T","C/C","T/T","C/T","C/T","C/C","C/C","C/C","C/T","C/C","T/T","T/T","C/T","C/T","C/C","C/C","C/T","T/T","T/T","-/-","C/C","T/T","C/C","T/T","T/T","C/C","T/T","C/T","T/T","C/C","T/T","C/T","C/T","C/T","T/T","T/T","C/C","T/T","T/T","C/T","C/T","C/T","C/T","C/T","T/T","T/T","C/C","T/T","C/T","C/T","C/T","T/T","T/T","T/T","T/T","T/T","C/T","T/T","C/T","C/T","C/T","C/C","C/T","C/C","C/C","T/T","T/T","C/T","C/T","C/C","C/T","C/T","C/T","C/T","C/T","C/T","T/T","C/C","C/C","T/T","C/T","C/C","C/C","C/T","C/T","C/T","C/T","-/-","C/T","C/T","C/T","C/T","C/C","C/T","T/T","C/C","T/T","C/T","T/T","C/T","C/T","C/T","C/C","C/T","C/T","C/C","C/T","C/T","C/C","C/C","C/C","T/T","C/C","C/C","C/T","C/C","C/T","C/T","C/C","C/C","C/C","-/-","C/T","C/C","C/C","C/C","C/C","C/C","C/C","C/C","C/C","C/T","C/C","C/T","C/C","C/C","C/C","C/T","C/C","C/C","C/C","C/C","C/C","C/C","C/C","C/C","C/T","C/C","C/C","C/C","C/C","C/C","C/C","T/T","C/C","C/C","C/C","C/C","C/C","C/C","C/C","C/C","C/C","C/C","C/C","C/T","C/C","C/C","C/C","C/T","C/C","C/C","C/T","C/C","C/C","C/T","C/C","C/C","C/T","C/C","C/C","C/C","C/T","C/C","C/C","C/C","C/C","C/C","C/C","C/C","C/C","C/C","C/C","C/C","C/C","C/C","C/C","C/C","C/C","C/C","C/C","C/T","C/C","C/C","C/C","C/C","C/T","C/C","C/T","C/T","C/C","C/C","C/C","C/C","C/C","C/C","C/C","C/C","C/T","C/C","C/C","C/C","-/-","C/C","C/C","C/C","C/T","T/T","T/T","C/T","C/T","T/T","C/T","-/-","C/T","-/-","C/C","T/T","-/-","T/T","C/T","C/C","-/-","C/T","C/C","C/T","T/T","C/C","C/T","C/C","C/C","C/T","C/C","C/C","C/C","C/C","C/T","C/T","C/C","C/C","C/C","C/T","C/C","-/-","C/T","C/C","C/C","C/C","C/T","C/C","C/T","C/C","C/T","C/C","C/C","C/C","C/T","C/T","C/T","C/T","C/T","C/T","C/C","C/C","C/C","C/T","C/T","C/C","C/T","C/C","C/C","C/C","C/C","C/C","C/T","C/C","C/T","C/C","C/C","C/C","C/C","C/C","C/C","C/C","C/C","C/C","C/T","C/C","C/C","C/C","C/C","C/C","C/C","C/C","C/C","C/T","C/C","C/T","C/T","C/T","C/C","C/C","T/T","C/C","C/T","C/C","C/C","-/-","C/C","C/C","C/C","C/C","C/C","C/C","C/C","C/C","-/-","C/C","C/C","C/C","C/T","C/C","C/C","C/C","C/C","C/C","C/C","C/C","-/-","C/C","C/C","C/T","C/C","C/T","C/C","C/T","T/T","C/C","T/T","T/T","C/C","-/-","C/T","C/T","C/T","T/T","T/T","T/T","C/T","C/T","C/T","C/T","C/C","C/T","C/T","T/T","C/C","-/-","C/T","T/T","C/C","C/T","C/T","C/T","C/T","C/T","T/T","C/T","C/T","C/T","C/T","T/T","C/T","T/T","C/T","T/T","T/T","C/T","C/T","C/T","C/T","-/-","T/T","C/C","C/T","C/T","T/T","C/T","-/-","C/T","C/C","C/C","T/T","C/T","C/C","T/T","-/-","T/T","C/T","C/C","C/T","C/C","C/T","C/C","C/T","C/C","T/T","C/T","C/T","C/T","C/T","C/C","C/C","C/T","C/T","C/T","C/T","C/T","T/T","C/C","-/-","C/T","C/T","C/C","C/T","T/T","T/T","T/T","T/T","C/T","C/T","C/T","T/T","C/C","T/T","C/C","C/C","C/T","C/T","T/T","C/C","T/T","T/T","-/-","C/T","-/-","C/C","-/-","C/C","T/T","T/T","C/C","C/C","C/C","C/T","C/C","C/T","T/T","C/C","C/T","T/T","C/T","C/T","C/T","C/C","C/T","C/C","C/T","C/T","C/T","C/T","C/T","C/C","C/C","C/C","C/T","-/-","C/C","C/C","C/T","C/C","C/T","C/T","C/T","C/T","C/C","T/T","-/-","C/T","T/T","C/T","C/T","T/T","C/T","C/C","C/C","C/C","T/T","C/T","C/C","-/-","C/C","C/T","T/T","C/C","C/C","C/T","C/C","C/C","T/T","C/C","C/C","C/C","C/T","C/C","C/C","C/C","C/T","C/T","C/C","C/T","C/T","C/T","C/C","C/C","C/T","C/C","C/C","T/T","C/T","T/T","C/C","T/T","C/C","C/C","C/C","C/T","C/C","T/T","C/C","C/T","C/C","C/C","C/T","C/T","C/C","C/C","-/-","C/T","C/T","C/C","C/C","C/C","C/C","C/C","C/C","C/C","C/C","C/C","C/C","C/C","C/T","C/C","C/T","C/T","C/T","C/C","C/C","C/T","C/C","C/C","C/T","C/C","C/C","C/T","C/T","C/C","-/-","C/C","C/C","C/T","C/T","C/T","C/T","C/T","C/T","C/T","T/T","C/T","C/C","C/T","C/C","C/C","T/T","-/-","C/C","C/C","C/C","C/C","T/T","C/C","C/T","C/T","T/T","T/T","C/C","C/C","C/C","C/C","C/T","T/T","C/T","C/C","C/C","C/C","C/C","C/C","C/T","C/C","C/T","C/T","C/T","C/T","C/C","C/T","C/T","C/C","C/T","C/C","C/T","C/T","C/C","C/C","C/C","C/T","T/T","C/C","T/T","T/T","C/C","C/T","C/T","C/T","-/-","C/T","C/C","C/T","C/T","C/C","C/T","C/T","-/-","T/T","T/T","C/T","C/C","C/T","T/T","C/C","C/C","C/C","C/T","C/C","C/C","C/C","C/C","C/T","C/C","C/T","C/C","C/C","C/C","C/C","C/C","C/C","C/C","C/C","C/T","C/C","C/C","C/C","C/C","C/T","C/C","C/C","C/T","C/C","C/T","C/T","C/C","C/C","C/C","C/C","C/C","C/T","C/C","C/T","C/C","C/T","C/C","C/T","-/-","C/C","C/T","C/T","C/C","C/T","C/C","C/C","C/C","C/C","T/T","C/C","C/C","C/C","C/C","C/T","C/C","C/C","C/C","C/C","C/C","C/C","C/C","C/C","C/C","C/C","C/T","C/T","C/T","-/-","C/C","C/C","C/C","C/C","C/C","C/T","C/T","C/C","C/C","C/C","C/T","C/C","C/C","C/C","C/T","C/C","C/C","C/C","C/C","C/C","C/C","-/-","C/T","C/C","C/C","C/C","C/C","C/C","C/T","C/C","C/C","C/T","C/C","C/C","C/T","-/-","C/C","C/T","C/C","C/C","C/C","C/C","C/C","C/T","T/T","C/C","C/T","C/C","C/T","C/T","C/T","C/T","C/C","C/C","C/C","C/C","C/C","T/T","C/C","C/C","C/T","C/C","C/C","C/C","C/C","C/C","C/T","C/T","C/C","C/C","C/C","C/C","C/C","C/C","C/C","C/T","T/T","T/T","T/T","C/C","C/C","C/C","C/C","C/C","T/T","T/T","C/C","C/C","T/T","T/T","T/T","C/C","C/C","C/C","C/C","C/C","C/C","C/C","C/C","C/C","T/T","C/C","C/C","C/C","T/T","T/T","T/T","C/C","-/-","C/C","C/C","-/-","T/T","T/T","C/C","C/C","C/C"
"220","PZA00315.6","4","39975220","T/T","T/T","C/T","T/T","T/T","T/T","C/T","T/T","T/T","C/T","T/T","T/T","C/C","T/T","C/C","C/C","T/T","T/T","C/C","-/-","T/T","C/T","C/T","C/T","C/T","C/T","C/T","C/T","C/T","C/T","T/T","T/T","C/T","C/T","C/T","C/T","-/-","C/C","C/T","C/C","C/T","C/C","C/T","C/C","T/T","C/T","C/C","T/T","C/T","C/C","T/T","C/C","C/T","C/T","C/T","C/C","C/C","T/T","T/T","-/-","C/T","C/T","C/C","C/C","C/C","C/T","C/T","C/T","C/C","T/T","C/C","C/C","C/C","T/T","C/T","T/T","C/T","C/C","C/C","C/C","C/T","C/C","T/T","C/T","T/T","C/C","C/T","C/C","-/-","T/T","C/C","C/C","T/T","C/T","T/T","C/T","T/T","C/T","T/T","C/C","T/T","C/T","T/T","T/T","T/T","T/T","C/T","T/T","C/T","T/T","C/T","C/T","T/T","T/T","T/T","T/T","C/T","T/T","T/T","C/T","T/T","T/T","T/T","T/T","T/T","T/T","T/T","T/T","T/T","T/T","T/T","T/T","T/T","T/T","T/T","T/T","T/T","T/T","C/T","T/T","T/T","T/T","T/T","C/C","T/T","T/T","T/T","C/T","T/T","C/T","T/T","T/T","T/T","T/T","T/T","T/T","T/T","C/T","T/T","T/T","T/T","T/T","C/T","C/T","T/T","C/T","C/T","C/T","C/C","C/T","C/C","C/T","T/T","T/T","C/T","C/T","C/C","C/T","C/T","C/T","T/T","C/T","C/T","T/T","C/C","C/C","T/T","C/T","C/C","C/C","T/T","C/T","C/T","C/T","C/T","C/T","C/T","C/T","T/T","C/C","T/T","T/T","C/T","T/T","C/T","T/T","C/T","T/T","C/T","T/T","C/T","T/T","-/-","T/T","C/T","T/T","C/C","C/C","T/T","C/C","C/C","C/T","C/C","T/T","C/T","C/T","C/C","C/T","C/C","C/T","C/C","T/T","C/T","C/T","C/C","C/C","C/C","T/T","C/T","C/T","T/T","T/T","C/C","C/C","C/T","T/T","C/T","C/C","C/C","T/T","C/C","-/-","C/T","T/T","C/T","T/T","C/C","T/T","T/T","T/T","T/T","C/C","C/T","C/C","C/C","T/T","T/T","C/T","C/C","T/T","-/-","C/C","C/T","-/-","C/T","C/T","C/T","C/C","C/T","C/T","C/T","C/T","C/T","C/C","C/C","C/T","T/T","T/T","C/T","C/T","C/C","C/T","C/C","C/C","T/T","C/C","C/C","C/T","C/C","C/C","C/C","C/C","C/T","-/-","C/C","C/C","C/C","C/C","C/T","T/T","C/C","C/C","C/C","C/T","C/C","C/T","C/T","C/C","C/C","C/C","C/C","C/C","C/T","C/C","C/T","C/T","C/C","C/T","C/C","C/T","C/C","C/C","C/C","C/T","T/T","T/T","C/C","T/T","T/T","C/T","T/T","C/T","C/T","C/C","T/T","C/C","T/T","C/T","C/C","T/T","C/T","C/C","C/T","T/T","C/C","C/T","C/C","C/T","C/T","C/C","-/-","-/-","C/T","C/T","C/T","C/C","C/C","C/C","C/T","C/T","C/T","C/T","C/T","C/C","C/T","C/T","C/C","C/T","-/-","C/T","C/C","C/C","C/C","C/T","C/T","C/T","C/T","C/T","C/T","C/C","C/C","C/C","C/T","C/T","-/-","C/T","C/C","C/C","C/C","C/C","C/C","T/T","C/C","C/T","C/T","C/C","C/C","C/C","C/T","C/C","C/C","C/C","C/C","C/T","C/C","C/C","C/C","C/T","C/C","C/C","C/C","C/C","C/T","C/C","C/T","C/T","C/T","C/C","C/C","T/T","C/C","C/T","C/C","C/C","C/C","C/C","C/C","C/C","C/C","C/C","C/C","C/C","C/C","C/T","C/C","C/C","C/C","C/T","C/C","C/C","C/C","C/C","C/C","C/C","-/-","C/C","C/C","C/C","C/T","C/C","C/T","-/-","C/T","T/T","C/C","T/T","-/-","C/C","T/T","T/T","C/T","C/T","T/T","T/T","T/T","C/T","C/T","C/C","C/T","C/C","C/T","C/T","T/T","C/T","C/C","C/T","T/T","C/C","-/-","C/T","C/T","C/T","C/T","T/T","C/T","-/-","C/T","C/T","T/T","C/T","T/T","C/T","T/T","T/T","C/T","C/T","T/T","C/T","C/T","T/T","C/C","C/T","C/T","T/T","C/T","C/T","C/T","C/C","C/C","T/T","C/T","C/C","T/T","C/T","T/T","C/T","C/C","C/T","C/T","C/T","C/C","C/T","C/T","T/T","C/T","T/T","C/T","C/T","C/T","T/T","C/T","C/T","C/T","C/T","C/T","T/T","C/C","T/T","C/T","C/T","C/C","C/T","T/T","T/T","T/T","T/T","T/T","T/T","T/T","T/T","T/T","T/T","C/T","T/T","C/T","C/T","T/T","C/T","T/T","T/T","T/T","C/T","T/T","T/T","-/-","C/T","T/T","T/T","C/C","T/T","C/C","C/T","C/C","C/T","T/T","C/C","C/T","T/T","C/T","C/T","C/T","C/C","C/T","C/C","C/T","-/-","C/T","C/T","T/T","C/C","C/C","C/C","C/T","C/C","C/C","C/C","C/T","C/C","C/T","C/T","C/T","C/T","C/C","T/T","C/T","C/T","T/T","C/T","C/T","T/T","C/T","C/C","C/C","C/T","T/T","C/T","-/-","C/T","C/C","C/T","T/T","C/C","C/C","C/T","C/C","C/C","T/T","-/-","C/C","C/C","C/T","C/C","C/C","C/C","T/T","-/-","C/C","C/T","C/T","C/T","C/C","C/C","T/T","C/T","C/C","T/T","C/T","C/C","C/C","T/T","C/C","C/C","C/C","C/T","C/T","T/T","C/T","C/T","C/C","C/C","C/T","C/T","C/C","C/C","C/T","C/T","C/T","C/C","C/C","C/C","C/T","C/C","C/C","C/C","C/T","-/-","C/T","-/-","C/T","C/C","C/T","T/T","T/T","C/C","C/C","C/T","C/C","C/C","C/T","C/T","C/C","C/T","C/T","T/T","T/T","C/T","C/C","C/T","C/T","C/T","C/T","T/T","C/T","T/T","T/T","C/T","C/C","C/T","C/C","C/C","T/T","C/T","C/C","C/C","C/C","C/C","T/T","C/C","C/T","C/T","T/T","T/T","C/C","C/C","C/C","C/C","C/T","T/T","-/-","C/C","C/C","C/C","C/C","C/C","C/T","C/C","T/T","C/T","C/T","C/T","C/C","C/T","C/T","C/C","C/T","C/C","C/T","C/T","C/C","C/C","C/T","C/T","-/-","C/C","T/T","T/T","C/C","T/T","C/T","C/T","-/-","C/T","C/C","C/T","C/T","C/T","C/T","C/T","C/T","T/T","T/T","-/-","C/C","C/T","T/T","C/C","C/C","C/C","C/T","C/C","C/C","T/T","C/C","T/T","C/C","C/T","C/T","T/T","C/T","C/C","T/T","C/C","C/C","C/C","C/T","C/C","C/C","C/C","C/C","C/T","C/T","C/C","-/-","C/C","C/T","C/T","T/T","T/T","C/C","C/C","C/T","C/T","T/T","T/T","C/C","C/T","C/C","C/T","C/T","C/C","-/-","-/-","C/C","C/T","C/C","C/C","C/C","C/C","T/T","C/C","C/C","C/C","C/C","C/T","C/C","C/T","C/C","C/C","C/C","C/C","C/C","C/T","C/C","-/-","C/T","C/T","C/T","-/-","C/C","C/C","C/C","C/C","C/C","T/T","T/T","C/C","C/C","C/T","C/T","C/C","C/T","C/C","T/T","C/C","C/C","C/C","C/C","C/C","C/C","C/T","C/T","C/C","C/C","C/C","C/C","C/C","C/T","C/C","C/C","-/-","C/C","C/C","C/T","C/C","C/T","C/T","C/C","C/C","C/C","C/C","C/C","C/T","T/T","C/C","C/T","C/C","C/T","C/T","C/T","C/T","C/C","C/C","C/C","C/C","C/C","T/T","C/C","C/C","C/T","C/C","C/C","C/C","C/C","C/C","C/T","C/T","C/C","C/C","C/C","C/C","C/C","C/C","C/C","C/T","T/T","T/T","T/T","C/C","C/C","-/-","C/C","C/C","T/T","T/T","C/C","C/C","T/T","T/T","T/T","C/C","C/C","C/C","C/C","C/C","C/C","T/T","T/T","T/T","T/T","C/C","C/C","C/C","T/T","T/T","T/T","C/C","C/C","C/C","T/T","T/T","T/T","T/T","C/C","C/C","C/C"
"582","PZA02968.4","4","38941090","-/-","G/G","C/C","-/-","G/G","G/G","G/G","G/G","C/G","G/G","G/G","C/C","G/G","G/G","G/G","G/G","G/G","G/G","G/G","G/G","G/G","G/G","G/G","G/G","C/G","G/G","G/G","C/G","G/G","G/G","G/G","G/G","G/G","G/G","G/G","G/G","C/G","G/G","G/G","C/G","G/G","C/C","G/G","G/G","C/G","G/G","G/G","G/G","C/C","G/G","G/G","C/G","G/G","G/G","G/G","G/G","G/G","G/G","G/G","G/G","G/G","G/G","C/G","G/G","G/G","G/G","G/G","G/G","C/G","G/G","G/G","C/G","G/G","G/G","G/G","-/-","G/G","G/G","C/G","G/G","G/G","G/G","G/G","G/G","G/G","G/G","G/G","C/G","C/G","G/G","C/G","C/G","G/G","C/C","C/C","C/G","C/G","C/G","C/G","C/C","C/G","G/G","G/G","G/G","G/G","C/C","C/G","G/G","C/G","G/G","C/G","C/G","G/G","G/G","G/G","G/G","C/G","G/G","G/G","G/G","C/G","C/G","C/C","C/G","C/G","G/G","G/G","C/G","G/G","G/G","G/G","G/G","C/G","G/G","G/G","-/-","C/C","G/G","C/G","C/G","C/G","G/G","G/G","G/G","G/G","G/G","C/G","G/G","C/G","G/G","C/G","C/C","G/G","G/G","G/G","G/G","G/G","G/G","G/G","C/G","G/G","-/-","G/G","C/G","C/C","G/G","C/G","G/G","C/G","-/-","G/G","C/G","G/G","G/G","C/C","G/G","C/C","C/C","-/-","G/G","-/-","G/G","G/G","G/G","G/G","G/G","G/G","G/G","C/C","C/C","G/G","C/G","G/G","G/G","C/G","C/G","C/G","G/G","C/G","C/C","G/G","C/G","G/G","G/G","G/G","G/G","G/G","G/G","G/G","C/G","C/C","C/G","C/G","G/G","G/G","-/-","C/G","C/C","G/G","C/C","C/G","C/G","C/C","G/G","G/G","C/G","G/G","G/G","G/G","G/G","G/G","G/G","G/G","G/G","G/G","G/G","C/G","G/G","C/G","G/G","C/G","G/G","G/G","C/C","C/G","C/G","C/G","G/G","G/G","G/G","G/G","G/G","C/G","C/C","G/G","C/G","G/G","C/G","C/G","C/G","C/C","G/G","C/G","G/G","G/G","G/G","C/C","G/G","G/G","C/G","C/G","C/G","C/G","G/G","-/-","G/G","C/G","C/G","C/G","G/G","G/G","G/G","C/G","G/G","G/G","C/C","G/G","G/G","C/G","G/G","G/G","G/G","C/G","C/G","C/G","C/C","G/G","G/G","G/G","C/C","G/G","C/G","C/G","-/-","G/G","C/G","C/C","C/G","C/G","G/G","-/-","G/G","G/G","C/G","G/G","G/G","G/G","C/G","C/G","G/G","C/G","G/G","G/G","G/G","G/G","C/G","C/G","C/G","G/G","C/G","G/G","C/G","C/G","C/G","G/G","G/G","G/G","C/G","G/G","C/G","G/G","C/G","C/G","G/G","G/G","C/C","G/G","C/G","G/G","G/G","C/G","C/C","C/G","G/G","G/G","C/C","C/G","C/G","C/G","C/G","C/G","C/G","G/G","G/G","C/G","C/G","G/G","C/G","C/G","C/G","C/G","G/G","G/G","G/G","G/G","G/G","C/G","G/G","C/G","G/G","C/G","G/G","C/G","-/-","C/G","C/G","C/C","C/G","G/G","C/C","C/C","C/G","C/G","G/G","-/-","-/-","C/G","G/G","G/G","C/C","C/G","C/G","C/G","-/-","C/G","C/C","C/G","C/C","C/G","C/G","C/C","C/G","C/G","G/G","G/G","G/G","C/C","-/-","C/C","C/C","C/C","G/G","G/G","C/G","C/G","C/C","C/C","C/G","G/G","C/G","C/G","G/G","C/G","G/G","G/G","C/C","C/G","C/G","C/G","G/G","C/G","C/G","G/G","G/G","C/G","C/G","C/G","G/G","C/G","G/G","G/G","C/C","G/G","G/G","G/G","C/G","C/C","C/G","G/G","C/G","C/G","C/G","G/G","C/G","G/G","C/G","G/G","G/G","C/G","G/G","G/G","G/G","G/G","G/G","G/G","G/G","G/G","C/G","G/G","G/G","G/G","G/G","C/G","G/G","G/G","G/G","C/G","G/G","C/C","C/G","C/G","G/G","G/G","G/G","G/G","C/G","G/G","G/G","C/C","G/G","G/G","C/G","G/G","C/C","C/G","C/C","C/C","C/C","C/G","G/G","C/G","G/G","G/G","C/C","C/G","C/G","C/G","G/G","G/G","C/C","C/G","G/G","C/G","C/C","C/C","C/G","G/G","C/G","-/-","G/G","C/C","C/C","G/G","G/G","C/G","G/G","G/G","G/G","C/G","G/G","C/G","G/G","C/G","G/G","G/G","G/G","C/G","G/G","C/C","G/G","G/G","G/G","G/G","G/G","C/G","G/G","G/G","G/G","G/G","G/G","G/G","G/G","G/G","G/G","G/G","G/G","G/G","G/G","G/G","G/G","G/G","G/G","G/G","G/G","G/G","G/G","G/G","G/G","G/G","G/G","C/G","G/G","C/C","G/G","G/G","G/G","C/G","G/G","C/G","G/G","G/G","G/G","G/G","C/C","C/G","G/G","G/G","C/G","G/G","G/G","C/C","G/G","G/G","C/G","C/G","G/G","G/G","G/G","C/G","G/G","G/G","G/G","G/G","G/G","G/G","G/G","G/G","C/G","-/-","C/G","G/G","G/G","G/G","G/G","G/G","G/G","G/G","C/G","C/G","C/G","G/G","G/G","G/G","G/G","G/G","G/G","G/G","G/G","G/G","G/G","G/G","G/G","G/G","C/C","C/G","G/G","G/G","C/G","C/G","C/G","G/G","G/G","G/G","C/G","G/G","C/G","G/G","C/G","G/G","C/G","-/-","G/G","G/G","C/G","G/G","G/G","C/G","G/G","G/G","C/C","C/C","C/G","-/-","G/G","C/G","G/G","G/G","G/G","G/G","G/G","C/G","G/G","G/G","G/G","C/G","C/G","G/G","G/G","G/G","G/G","G/G","C/G","G/G","G/G","G/G","C/G","G/G","G/G","G/G","C/C","C/G","G/G","G/G","G/G","C/C","G/G","G/G","C/C","G/G","C/G","G/G","G/G","C/C","G/G","C/G","C/G","G/G","C/G","C/G","C/G","C/C","G/G","G/G","C/C","C/G","C/G","C/G","C/G","C/C","C/G","C/G","C/G","G/G","G/G","G/G","C/G","G/G","G/G","G/G","G/G","G/G","G/G","G/G","G/G","G/G","C/G","G/G","C/G","G/G","G/G","G/G","G/G","G/G","G/G","C/G","C/G","G/G","G/G","G/G","C/G","C/G","G/G","G/G","G/G","C/C","C/C","G/G","C/G","G/G","G/G","G/G","G/G","C/G","G/G","C/G","C/G","G/G","G/G","G/G","G/G","G/G","G/G","C/G","G/G","G/G","G/G","G/G","G/G","G/G","C/G","G/G","G/G","G/G","C/G","G/G","C/G","C/G","G/G","-/-","G/G","G/G","G/G","G/G","C/G","G/G","C/G","G/G","G/G","G/G","G/G","G/G","G/G","G/G","G/G","G/G","C/G","G/G","G/G","G/G","C/G","G/G","G/G","G/G","G/G","G/G","C/G","G/G","G/G","C/G","G/G","G/G","C/G","C/G","G/G","G/G","C/G","G/G","G/G","G/G","G/G","C/G","G/G","G/G","G/G","G/G","-/-","G/G","G/G","G/G","G/G","G/G","C/G","C/G","C/G","C/G","C/C","C/C","G/G","C/G","C/G","G/G","G/G","G/G","G/G","C/G","C/G","C/G","G/G","G/G","G/G","-/-","C/C","G/G","G/G","G/G","C/G","G/G","C/G","G/G","C/C","C/G","G/G","-/-","G/G","G/G","G/G","C/C","C/G","G/G","C/G","G/G","C/C","C/G","G/G","G/G","C/C","G/G","C/C","C/G","G/G","G/G","G/G","G/G","G/G","G/G","G/G","G/G","G/G","G/G","G/G","C/G","C/C","G/G","G/G","G/G","G/G","G/G","G/G","G/G","G/G","G/G","G/G","G/G","G/G","G/G","G/G","G/G","G/G","G/G","G/G","G/G","G/G","G/G","G/G","G/G","G/G","G/G","G/G","G/G","G/G","G/G","G/G","G/G","G/G","C/C","C/C","G/G","G/G","G/G","G/G","G/G","G/G","G/G","G/G","G/G","C/C","C/C","C/C","G/G","C/C","C/C","C/C","G/G","G/G","G/G","G/G","G/G","G/G","C/C","C/C","G/G","G/G","G/G","G/G","G/G"
"96","PZA00125.2","4","36047409","G/G","G/G","G/G","G/G","A/G","A/A","A/G","-/-","A/G","G/G","G/G","G/G","G/G","G/G","A/G","G/G","G/G","A/G","A/G","A/G","G/G","G/G","G/G","A/A","A/G","A/A","A/G","A/G","A/G","A/G","G/G","A/G","A/G","A/G","A/G","G/G","G/G","G/G","G/G","A/G","G/G","G/G","A/G","A/G","A/A","G/G","G/G","A/A","G/G","A/G","A/G","A/G","G/G","A/G","G/G","G/G","A/G","A/G","A/A","A/A","A/G","A/G","G/G","G/G","A/A","A/G","G/G","A/G","A/A","A/A","A/A","A/G","G/G","A/G","A/A","A/G","G/G","A/A","A/G","A/G","G/G","A/G","G/G","G/G","A/G","G/G","G/G","A/G","G/G","G/G","A/A","A/G","A/G","G/G","G/G","G/G","G/G","G/G","G/G","A/A","G/G","A/G","A/G","G/G","G/G","G/G","G/G","G/G","A/G","A/G","A/G","A/G","G/G","G/G","G/G","G/G","G/G","G/G","G/G","G/G","G/G","G/G","G/G","G/G","G/G","G/G","G/G","G/G","G/G","G/G","G/G","G/G","G/G","G/G","G/G","G/G","G/G","G/G","G/G","G/G","G/G","G/G","G/G","G/G","G/G","G/G","G/G","G/G","G/G","G/G","G/G","G/G","G/G","A/A","G/G","G/G","G/G","G/G","G/G","G/G","G/G","G/G","G/G","G/G","A/G","G/G","G/G","A/G","G/G","A/G","G/G","G/G","A/A","A/G","G/G","A/A","G/G","A/A","A/G","A/A","A/G","A/G","G/G","A/G","G/G","A/A","G/G","A/G","A/A","A/A","G/G","A/A","A/G","A/G","G/G","G/G","A/A","A/G","G/G","G/G","A/A","G/G","G/G","G/G","G/G","A/G","A/G","G/G","A/G","G/G","A/G","G/G","A/G","G/G","A/G","G/G","A/A","A/A","A/G","G/G","G/G","A/G","G/G","A/G","A/G","G/G","A/A","A/G","A/G","A/G","A/G","A/G","A/G","A/G","G/G","A/G","G/G","A/G","G/G","A/G","A/G","A/G","G/G","A/G","A/G","G/G","A/G","A/G","G/G","G/G","A/G","A/G","G/G","G/G","A/A","A/G","A/G","A/G","G/G","A/G","G/G","A/G","G/G","A/G","G/G","A/A","G/G","A/A","A/A","A/G","A/G","A/A","G/G","A/A","A/A","A/A","A/G","A/G","A/G","A/G","A/A","A/A","A/G","A/A","G/G","G/G","A/A","A/A","A/G","G/G","G/G","A/G","G/G","A/A","A/A","A/A","G/G","A/A","G/G","A/A","A/A","A/G","A/G","A/G","A/G","A/G","A/A","A/G","G/G","A/G","A/A","G/G","A/G","A/G","A/A","G/G","A/G","G/G","G/G","A/A","G/G","A/G","A/G","A/G","A/A","G/G","A/G","G/G","A/G","A/G","A/A","A/G","G/G","A/G","G/G","G/G","G/G","A/G","G/G","G/G","G/G","G/G","G/G","A/G","G/G","G/G","G/G","G/G","G/G","G/G","G/G","A/G","G/G","G/G","G/G","G/G","G/G","G/G","G/G","A/G","G/G","G/G","A/G","A/G","G/G","G/G","G/G","G/G","G/G","G/G","A/A","G/G","A/A","G/G","A/G","G/G","A/G","G/G","A/G","A/A","G/G","G/G","A/G","A/A","A/A","A/G","A/A","G/G","A/G","A/G","A/G","A/G","A/G","G/G","G/G","A/G","A/G","A/G","G/G","A/G","A/G","G/G","A/A","A/G","G/G","G/G","G/G","G/G","A/G","G/G","A/G","A/G","G/G","A/A","G/G","G/G","G/G","A/G","G/G","G/G","A/G","G/G","G/G","G/G","G/G","A/G","A/G","G/G","A/G","G/G","G/G","G/G","G/G","A/G","G/G","G/G","A/G","A/A","G/G","G/G","A/G","A/A","G/G","G/G","G/G","G/G","A/G","A/G","A/G","A/G","G/G","A/G","A/G","G/G","A/G","A/G","A/A","A/G","G/G","G/G","G/G","A/G","A/G","A/G","A/G","A/G","G/G","G/G","G/G","G/G","A/A","A/A","A/A","A/A","A/G","A/G","G/G","A/G","A/G","G/G","G/G","A/G","A/G","G/G","G/G","G/G","G/G","G/G","A/G","G/G","G/G","G/G","A/G","A/A","G/G","A/G","G/G","A/G","G/G","A/G","A/A","A/G","A/A","G/G","A/G","G/G","A/G","A/G","G/G","A/G","A/G","G/G","A/G","G/G","A/A","G/G","G/G","A/G","G/G","A/G","A/A","G/G","G/G","A/G","G/G","G/G","G/G","G/G","G/G","G/G","G/G","G/G","G/G","A/A","A/G","G/G","G/G","G/G","G/G","G/G","G/G","G/G","A/A","A/G","A/G","G/G","G/G","G/G","A/A","G/G","A/G","G/G","G/G","G/G","G/G","G/G","A/G","A/A","A/G","G/G","A/A","A/G","A/G","A/A","G/G","G/G","G/G","A/G","G/G","G/G","A/A","A/G","A/G","A/G","G/G","A/G","G/G","A/G","G/G","A/G","A/G","A/A","A/G","G/G","A/G","G/G","G/G","A/G","G/G","A/G","G/G","A/A","A/G","G/G","A/G","A/G","G/G","A/G","G/G","G/G","A/G","A/G","A/G","G/G","A/G","G/G","G/G","G/G","G/G","G/G","A/A","A/G","G/G","A/G","A/G","G/G","G/G","G/G","G/G","A/A","G/G","-/-","A/A","G/G","G/G","A/G","A/G","A/G","G/G","G/G","G/G","A/A","A/G","A/A","A/G","A/G","A/G","A/A","A/G","G/G","-/-","A/G","A/G","G/G","A/G","A/G","G/G","G/G","A/G","A/A","G/G","A/A","G/G","G/G","A/G","A/A","G/G","G/G","A/G","G/G","G/G","G/G","G/G","G/G","G/G","A/G","G/G","G/G","A/G","G/G","G/G","G/G","A/G","G/G","A/A","A/G","G/G","G/G","G/G","A/G","G/G","G/G","G/G","G/G","A/A","G/G","A/G","A/G","A/A","G/G","A/G","A/G","A/G","A/G","A/G","G/G","G/G","G/G","A/G","G/G","A/G","A/A","A/G","A/G","G/G","G/G","G/G","A/G","G/G","G/G","A/G","G/G","G/G","A/G","A/A","A/G","A/G","A/G","A/G","A/G","A/A","G/G","G/G","A/G","G/G","G/G","G/G","G/G","G/G","G/G","A/G","A/G","G/G","A/G","A/G","A/A","A/A","G/G","G/G","A/G","G/G","G/G","G/G","G/G","A/G","A/G","A/G","A/G","G/G","G/G","A/G","A/A","A/A","A/A","A/G","A/A","A/G","G/G","G/G","A/A","G/G","G/G","A/A","G/G","G/G","G/G","G/G","G/G","A/G","A/G","G/G","G/G","A/A","A/A","A/G","G/G","G/G","A/A","A/G","G/G","A/G","A/A","A/G","A/A","A/A","A/G","A/G","G/G","G/G","G/G","G/G","A/G","A/G","A/G","A/A","A/G","A/G","A/G","G/G","A/A","G/G","A/A","G/G","G/G","A/A","A/G","A/A","A/A","A/A","A/G","G/G","A/G","A/A","G/G","A/A","A/G","G/G","G/G","A/A","A/G","A/G","A/G","A/G","A/G","A/A","A/G","A/G","A/G","G/G","G/G","G/G","G/G","A/A","G/G","A/G","A/A","A/G","A/G","G/G","G/G","A/G","A/A","A/A","G/G","A/G","A/G","A/G","G/G","A/A","G/G","G/G","A/G","G/G","G/G","A/A","G/G","G/G","A/A","A/A","A/G","A/G","G/G","A/G","G/G","A/G","A/A","A/G","G/G","G/G","A/G","A/G","A/G","A/G","G/G","G/G","G/G","G/G","G/G","A/G","G/G","G/G","G/G","G/G","G/G","G/G","A/G","G/G","G/G","A/G","A/G","G/G","G/G","G/G","A/G","G/G","G/G","G/G","G/G","G/G","G/G","G/G","G/G","A/G","G/G","A/G","G/G","A/A","A/G","A/A","G/G","A/G","A/G","A/A","A/A","G/G","A/A","G/G","G/G","A/G","G/G","A/G","A/G","G/G","-/-","A/A","A/A","A/A","G/G","G/G","G/G","G/G","A/G","A/G","G/G","A/A","A/A","A/A","G/G","G/G","A/A","A/A","-/-","G/G","G/G","A/A","A/A","A/A","A/A","A/A","G/G","G/G","G/G","G/G","G/G","G/G","G/G","G/G","G/G","A/A","A/A","A/A","A/A","G/G","G/G","G/G","G/G","G/G","G/G","A/A","A/A","G/G","G/G","G/G","G/G","G/G"
"474","PZA00700.3","4","2852810","A/A","G/G","A/A","G/G","G/G","G/G","A/A","G/G","G/G","G/G","A/A","G/G","A/G","A/G","G/G","A/G","G/G","A/G","G/G","G/G","G/G","G/G","A/G","A/A","G/G","G/G","G/G","A/G","A/G","G/G","G/G","G/G","G/G","A/G","G/G","G/G","A/G","A/G","G/G","A/G","G/G","A/G","G/G","A/A","G/G","A/G","G/G","A/A","A/A","G/G","A/A","A/A","A/G","G/G","A/A","A/G","A/A","A/G","G/G","A/G","G/G","A/A","G/G","G/G","A/G","-/-","G/G","-/-","A/G","G/G","G/G","A/G","A/G","G/G","A/G","G/G","G/G","A/G","G/G","G/G","A/G","A/G","A/G","G/G","A/A","G/G","G/G","A/G","A/G","A/A","G/G","A/G","A/G","A/A","G/G","G/G","G/G","A/G","A/A","G/G","A/G","A/G","A/G","A/G","G/G","A/G","G/G","A/A","A/G","G/G","A/A","G/G","A/G","A/A","G/G","A/G","G/G","G/G","A/A","G/G","A/G","G/G","G/G","G/G","A/G","A/G","A/G","G/G","A/G","A/G","G/G","-/-","A/A","G/G","A/G","A/G","G/G","A/G","A/G","A/G","G/G","-/-","A/G","A/G","G/G","A/G","G/G","A/G","A/G","A/A","A/G","A/A","G/G","A/G","G/G","A/A","A/A","A/G","A/A","A/A","A/G","A/A","A/A","A/G","A/G","A/A","G/G","A/G","A/G","A/A","G/G","A/G","A/G","G/G","A/G","G/G","G/G","A/A","A/G","G/G","G/G","A/G","A/A","G/G","A/G","A/G","G/G","A/G","A/G","A/G","A/G","A/G","A/G","A/A","A/A","A/G","A/G","A/G","A/A","-/-","A/A","A/A","A/A","-/-","A/G","A/G","A/G","A/A","A/A","A/A","A/A","A/A","A/A","A/G","G/G","A/A","G/G","G/G","A/G","A/A","G/G","A/G","A/A","G/G","G/G","G/G","A/A","G/G","G/G","A/A","A/A","G/G","A/G","A/G","-/-","A/G","A/G","G/G","A/G","A/G","A/G","A/G","A/G","A/G","G/G","G/G","A/A","A/A","A/A","A/G","-/-","A/A","A/G","A/G","A/A","A/A","G/G","G/G","A/A","A/G","A/G","A/G","A/G","A/G","A/G","A/A","A/G","A/A","A/A","A/G","A/A","A/G","G/G","G/G","G/G","A/A","A/G","A/G","A/G","A/A","A/A","G/G","A/A","G/G","A/A","A/A","A/A","A/G","A/G","A/A","A/G","-/-","A/A","A/A","A/G","A/A","-/-","G/G","A/A","G/G","A/G","A/G","A/G","A/A","G/G","G/G","A/G","A/G","A/G","A/G","A/A","A/G","A/G","G/G","A/A","A/G","A/G","A/A","A/G","A/G","A/G","A/G","A/G","A/A","A/G","A/G","A/A","A/G","A/G","G/G","A/G","G/G","G/G","G/G","A/G","G/G","G/G","A/G","G/G","A/G","A/A","A/G","A/G","-/-","A/A","A/A","A/G","G/G","G/G","G/G","A/G","A/G","A/G","G/G","A/A","G/G","-/-","A/G","A/G","A/G","A/G","A/G","A/G","A/A","A/A","A/A","A/G","A/G","G/G","A/A","A/A","A/A","A/G","A/G","A/A","A/A","A/A","A/G","A/G","G/G","A/G","A/G","A/A","A/G","G/G","A/G","G/G","A/A","A/G","A/G","A/A","-/-","A/G","A/A","-/-","A/G","A/G","G/G","A/G","A/G","A/G","A/G","G/G","A/G","A/G","A/G","A/A","A/G","A/G","A/A","A/A","A/G","A/G","A/A","A/G","-/-","A/G","A/A","A/G","A/A","A/A","A/G","A/A","A/G","A/G","A/G","A/A","A/G","A/G","G/G","A/G","A/G","A/A","A/G","G/G","A/G","A/G","A/G","A/G","A/G","A/G","A/A","A/G","A/G","A/G","A/G","A/G","A/G","G/G","A/G","A/A","A/G","G/G","A/G","G/G","G/G","A/G","A/G","A/G","A/A","G/G","A/G","G/G","A/A","G/G","A/A","G/G","-/-","A/G","G/G","A/G","G/G","G/G","A/G","G/G","A/G","A/G","A/G","G/G","A/G","G/G","A/G","A/G","A/G","A/G","A/A","A/G","A/A","G/G","A/A","A/G","G/G","A/G","A/A","A/G","-/-","A/G","A/G","G/G","A/G","-/-","A/G","A/G","A/A","A/G","G/G","A/A","A/G","A/A","A/G","A/G","A/G","A/G","-/-","A/G","A/A","A/G","A/G","A/G","A/A","A/A","A/A","A/A","A/A","A/A","A/G","A/A","A/G","G/G","G/G","G/G","A/G","G/G","G/G","G/G","-/-","A/G","G/G","G/G","G/G","A/G","A/G","A/G","A/G","A/G","A/G","G/G","G/G","A/G","G/G","A/A","A/G","A/G","A/A","A/G","A/A","A/A","A/G","A/G","G/G","A/G","A/G","A/G","A/A","A/G","G/G","A/G","A/G","A/G","A/G","-/-","A/G","G/G","A/G","A/A","A/G","A/G","A/G","G/G","G/G","G/G","A/G","A/G","A/A","A/A","G/G","A/G","G/G","G/G","A/G","G/G","A/G","A/G","G/G","A/G","A/G","-/-","A/G","A/G","G/G","A/G","A/G","A/G","A/G","A/G","G/G","A/G","A/G","G/G","G/G","G/G","G/G","A/G","A/G","A/A","A/A","A/G","G/G","G/G","G/G","A/G","A/G","A/G","G/G","G/G","A/G","A/A","A/G","A/G","A/G","A/G","A/G","A/G","G/G","A/G","A/G","A/G","A/G","A/A","A/G","G/G","G/G","A/A","A/G","G/G","G/G","G/G","A/G","A/G","A/G","G/G","A/G","A/A","G/G","A/A","A/A","-/-","A/G","A/G","G/G","A/A","A/A","A/G","A/G","G/G","A/A","A/G","G/G","A/G","A/G","G/G","A/A","A/G","G/G","A/G","A/A","A/G","A/G","A/G","A/A","A/A","A/A","A/A","G/G","A/G","A/A","A/G","A/A","A/G","G/G","A/A","A/G","G/G","A/G","-/-","A/G","A/G","A/G","A/G","A/G","A/G","G/G","A/G","G/G","-/-","A/A","A/G","A/A","A/A","G/G","A/G","-/-","A/G","G/G","A/A","A/A","A/A","A/G","G/G","A/A","A/G","A/G","A/G","A/A","A/G","A/G","A/G","A/G","A/A","A/G","A/A","A/G","A/G","A/G","A/G","G/G","G/G","G/G","A/G","A/G","A/G","G/G","-/-","G/G","A/G","A/G","A/G","G/G","A/G","G/G","G/G","G/G","G/G","A/A","G/G","A/A","A/G","A/G","-/-","A/G","A/G","A/G","A/G","G/G","G/G","A/A","A/G","-/-","A/G","G/G","A/G","G/G","A/A","A/G","A/G","G/G","G/G","A/A","A/G","A/G","A/A","A/G","A/G","A/G","A/G","A/G","A/G","A/A","A/A","G/G","A/A","A/G","G/G","A/G","A/G","G/G","A/G","-/-","A/G","A/G","A/A","G/G","A/G","A/G","G/G","A/A","A/G","A/G","A/G","A/G","G/G","A/G","A/A","A/G","A/A","A/A","A/G","A/G","A/A","A/G","G/G","G/G","G/G","G/G","A/A","A/A","A/A","A/G","A/A","A/G","A/A","A/G","A/G","A/A","A/A","A/A","A/A","A/A","A/G","A/G","A/G","A/G","A/A","A/G","A/G","A/A","G/G","A/A","A/G","A/G","A/A","A/A","A/A","A/G","A/G","G/G","A/G","-/-","A/G","G/G","A/G","A/G","A/A","A/G","A/G","A/G","A/A","G/G","G/G","G/G","G/G","A/G","A/G","A/A","A/G","A/A","A/G","A/G","G/G","A/G","A/G","A/A","A/A","G/G","A/G","A/A","A/A","A/A","A/G","A/A","A/G","G/G","G/G","A/G","G/G","A/G","A/A","A/A","A/G","A/G","G/G","G/G","A/A","A/G","G/G","A/G","A/A","A/G","A/G","A/A","A/A","A/G","A/A","A/A","G/G","A/A","A/G","G/G","A/A","A/A","G/G","G/G","A/G","A/G","A/A","A/A","A/A","A/G","A/G","G/G","A/A","G/G","A/A","A/A","A/A","A/A","A/A","G/G","A/A","G/G","G/G","G/G","G/G","G/G","A/A","A/A","G/G","G/G","G/G","G/G","G/G","G/G","G/G","G/G","G/G","A/A","A/A","A/A","A/A","-/-","A/A","A/A","G/G","G/G","G/G","A/A","A/A","A/A","A/A","A/A","G/G","G/G","G/G","G/G","G/G"
"585","PZA02972.1","4","2848110","T/T","C/C","-/-","C/C","C/C","C/C","C/C","C/C","T/T","T/T","C/C","C/C","T/T","C/C","C/C","C/C","C/C","T/T","C/T","C/C","C/C","C/C","-/-","-/-","C/C","C/C","C/C","C/C","C/T","-/-","C/C","C/C","C/C","C/C","C/C","T/T","T/T","C/C","C/C","C/T","C/C","T/T","C/C","T/T","C/C","T/T","T/T","T/T","C/C","T/T","C/C","C/C","C/C","C/C","-/-","T/T","C/C","C/C","T/T","-/-","C/T","C/C","C/C","C/C","C/C","T/T","C/C","C/C","C/C","T/T","C/C","C/T","C/C","C/C","C/C","C/C","C/T","T/T","C/C","C/C","C/C","T/T","C/C","C/C","T/T","-/-","C/C","C/T","T/T","C/C","C/C","C/C","-/-","C/C","C/C","C/C","C/C","C/C","C/C","C/C","C/C","C/C","C/C","C/C","T/T","C/C","C/C","C/C","C/C","C/C","C/C","C/C","C/C","C/C","T/T","T/T","C/C","C/C","C/C","T/T","C/C","C/C","C/C","C/C","C/C","C/C","C/C","C/C","C/C","C/C","C/C","C/C","C/C","C/C","T/T","C/C","C/C","C/C","C/C","T/T","-/-","C/C","C/C","C/C","C/C","C/C","C/C","C/C","C/C","T/T","C/C","C/C","C/C","C/C","C/C","C/C","C/C","C/C","C/C","C/C","C/C","C/C","C/C","T/T","C/C","C/C","C/C","C/C","C/C","T/T","T/T","T/T","C/C","C/C","C/C","C/C","T/T","C/C","C/C","C/C","C/C","C/C","C/C","C/C","-/-","C/C","T/T","T/T","C/C","C/C","C/C","C/T","C/C","C/C","T/T","C/T","C/T","C/T","T/T","-/-","C/T","C/C","-/-","T/T","C/C","T/T","T/T","C/C","C/C","T/T","C/C","T/T","C/C","T/T","T/T","T/T","C/C","C/C","C/C","C/C","T/T","C/C","C/C","C/C","C/C","C/C","C/C","C/C","C/C","T/T","T/T","C/C","C/C","C/C","C/C","T/T","C/C","C/C","-/-","-/-","C/C","C/C","T/T","C/T","C/C","C/C","T/T","C/C","C/C","C/C","C/C","-/-","T/T","C/C","C/C","C/C","C/C","C/C","C/C","C/C","C/C","C/C","C/C","C/C","C/C","C/C","C/C","-/-","C/C","C/C","C/C","C/C","C/C","-/-","C/C","C/C","C/C","-/-","C/C","C/C","C/C","C/C","C/C","C/C","C/C","C/C","C/C","C/C","C/C","C/C","C/C","C/C","C/C","C/C","C/C","C/C","C/C","C/C","C/C","C/C","C/C","C/C","C/C","C/C","C/C","C/C","C/C","C/C","C/C","C/C","C/C","C/T","C/C","C/C","C/C","C/C","C/C","C/C","C/C","C/C","C/C","C/C","C/C","C/C","C/C","-/-","C/C","C/C","C/C","C/C","T/T","C/C","C/C","C/C","C/C","C/C","C/C","C/C","C/C","C/C","C/T","C/C","C/C","C/C","C/C","C/C","C/C","C/C","C/C","C/C","C/C","C/C","C/C","C/C","T/T","C/C","C/C","C/C","T/T","C/C","C/C","-/-","C/C","C/C","C/T","C/C","C/T","T/T","C/C","C/T","C/T","C/C","C/C","C/T","C/C","C/C","C/T","C/C","C/C","T/T","C/C","C/T","C/C","C/C","C/C","T/T","C/C","C/C","C/C","C/C","C/T","C/C","C/C","C/C","C/C","C/C","C/C","C/C","C/C","C/C","C/C","C/C","C/C","C/C","C/C","C/C","C/C","C/C","C/C","T/T","C/C","C/C","T/T","C/C","C/C","T/T","C/C","C/C","C/C","-/-","C/C","C/T","C/C","C/C","C/T","C/C","C/T","C/C","C/C","C/C","C/C","C/C","-/-","C/T","C/C","C/T","C/C","C/C","C/C","C/C","C/C","C/C","C/C","C/C","C/C","C/C","C/C","C/C","C/C","C/C","C/C","C/C","C/C","C/C","-/-","C/C","C/C","C/C","C/C","T/T","T/T","-/-","C/C","C/T","T/T","C/C","-/-","T/T","T/T","T/T","C/C","C/T","C/T","C/C","C/C","T/T","C/C","C/C","C/T","C/C","C/T","C/T","C/C","C/C","C/C","C/T","C/C","C/T","T/T","T/T","C/C","T/T","C/T","C/C","T/T","C/C","C/C","C/C","C/C","C/C","T/T","-/-","C/C","C/T","C/T","T/T","C/T","C/C","C/T","C/T","C/C","C/C","T/T","C/C","C/T","C/C","C/C","C/C","T/T","T/T","C/C","C/T","C/C","C/C","T/T","C/T","C/C","C/C","C/T","C/C","C/T","C/T","C/T","C/T","T/T","T/T","C/C","C/T","T/T","C/T","C/T","C/C","T/T","C/C","C/T","C/C","T/T","C/T","C/T","T/T","C/C","C/C","C/C","C/C","C/C","C/C","C/C","C/C","C/C","C/C","C/C","C/C","C/C","C/C","C/C","C/C","C/C","C/C","C/C","C/C","C/C","C/C","C/C","C/C","C/C","C/C","C/C","C/C","C/C","C/C","T/T","C/C","C/C","C/C","C/T","C/C","C/C","C/C","C/C","T/T","C/C","T/T","C/C","C/C","C/C","C/C","-/-","C/C","C/C","C/C","T/T","T/T","C/C","C/C","C/C","C/C","C/C","C/C","C/T","C/C","C/C","C/C","C/C","C/C","C/C","C/C","C/C","C/C","C/T","C/C","T/T","C/C","C/T","C/C","C/C","C/C","-/-","-/-","C/C","C/C","-/-","C/T","C/C","C/C","C/C","C/C","C/T","T/T","C/T","C/T","C/C","C/C","T/T","C/C","C/C","-/-","C/C","C/C","C/T","C/C","C/C","C/C","C/C","C/T","C/C","C/C","C/C","C/T","C/C","C/C","C/C","C/C","C/T","T/T","C/C","C/C","C/C","C/C","C/C","C/C","C/C","T/T","-/-","C/C","C/T","C/C","C/C","C/C","T/T","C/C","C/C","C/C","C/C","T/T","T/T","T/T","C/C","C/C","C/C","C/C","C/C","C/C","C/C","C/T","C/C","C/C","C/C","C/C","C/C","T/T","C/C","C/C","C/C","C/C","C/C","C/T","C/C","C/C","C/C","C/C","C/C","T/T","C/C","C/C","T/T","C/C","C/C","C/C","C/C","C/C","C/C","T/T","C/T","-/-","C/C","-/-","C/C","C/C","C/C","C/C","C/C","-/-","C/C","C/C","C/C","C/T","C/C","C/C","C/C","C/C","C/C","C/C","C/C","C/C","C/C","C/C","C/C","C/C","C/T","C/C","T/T","C/C","C/C","C/C","C/C","C/C","T/T","C/C","C/C","C/C","C/C","-/-","C/C","C/C","C/C","C/C","C/C","C/C","C/C","C/T","C/C","C/C","C/T","C/C","C/C","C/C","C/C","T/T","T/T","C/C","C/C","T/T","C/C","C/C","C/C","T/T","C/C","T/T","T/T","T/T","C/C","C/C","C/C","C/T","T/T","C/C","C/C","-/-","C/C","C/C","C/C","C/C","T/T","T/T","C/C","T/T","C/C","C/C","C/C","C/C","C/C","C/C","C/C","C/C","C/C","T/T","C/C","C/C","C/C","C/T","C/C","C/C","-/-","T/T","C/C","C/C","C/C","C/C","C/C","C/C","T/T","C/C","C/C","C/C","C/T","C/C","C/C","C/C","C/C","C/C","C/C","T/T","C/C","C/C","C/C","C/C","C/C","C/C","C/C","C/C","C/C","C/C","C/C","T/T","C/T","C/T","C/C","-/-","C/C","C/T","C/C","C/C","C/C","C/C","C/C","C/T","C/C","C/C","C/C","C/C","C/C","T/T","C/C","C/C","C/C","C/C","C/T","C/C","C/C","C/C","C/T","C/C","C/C","C/C","C/C","C/T","T/T","C/T","C/T","T/T","C/C","C/T","T/T","C/C","C/C","C/C","C/T","C/T","C/T","C/C","T/T","T/T","C/C","T/T","T/T","C/C","C/C","T/T","C/C","T/T","C/C","T/T","T/T","T/T","C/C","T/T","C/C","T/T","T/T","C/C","T/T","C/C","T/T","C/C","T/T","T/T","-/-","C/C","T/T","C/C","C/C","C/C","T/T","-/-","C/C","C/C","C/C","C/C","T/T","C/C","C/C","C/C","C/C","C/C","C/C","C/C","T/T","T/T","T/T","T/T","T/T","C/C","C/C","C/C","C/C","C/C","C/C","C/C","C/C","-/-","C/C","-/-","-/-","-/-","-/-","T/T","T/T","T/T","C/C","C/C","C/C","C/C","C/C","C/C","C/C"
"148","PZA00216.9","4","2589400","A/A","A/A","G/G","A/G","A/A","A/G","A/A","A/A","A/A","A/A","A/A","A/A","A/G","A/G","A/G","A/G","-/-","-/-","-/-","A/G","-/-","G/G","-/-","A/A","-/-","-/-","A/G","A/G","A/A","A/G","G/G","A/G","A/G","A/G","A/G","G/G","A/A","A/A","-/-","-/-","-/-","-/-","A/G","-/-","-/-","-/-","-/-","-/-","A/A","A/A","A/A","A/A","A/A","A/G","A/A","A/A","A/A","A/A","A/A","A/A","A/A","A/A","A/G","-/-","-/-","A/A","A/A","A/A","-/-","-/-","-/-","A/A","-/-","-/-","A/G","A/A","A/A","A/A","A/A","A/A","A/G","A/A","A/A","A/A","A/A","A/A","A/A","-/-","G/G","A/A","A/G","A/G","-/-","-/-","-/-","A/G","A/A","G/G","-/-","A/A","A/G","A/A","A/A","A/G","G/G","A/A","G/G","A/A","A/G","A/G","A/A","A/A","A/G","A/A","A/A","-/-","-/-","A/A","-/-","G/G","A/G","A/G","A/A","-/-","-/-","-/-","-/-","A/G","A/G","A/A","A/G","A/A","A/G","G/G","A/G","A/A","G/G","A/A","A/A","G/G","A/G","A/G","A/A","-/-","-/-","A/A","A/G","A/A","A/A","A/G","A/A","-/-","-/-","-/-","G/G","G/G","G/G","A/A","A/A","A/A","A/G","A/A","A/G","A/G","A/A","A/A","A/A","G/G","A/A","A/G","A/A","A/A","A/A","A/A","A/A","A/G","A/A","A/A","A/A","A/A","A/A","A/G","A/A","A/G","A/A","A/G","G/G","A/A","A/A","A/G","A/A","A/G","A/A","A/A","G/G","A/G","-/-","-/-","-/-","A/A","-/-","A/A","-/-","-/-","A/A","A/A","A/A","A/G","A/G","A/A","A/A","A/A","A/A","A/G","A/A","G/G","A/A","A/A","A/A","A/A","A/G","A/A","A/G","A/G","A/A","-/-","-/-","A/G","A/A","A/G","-/-","A/A","-/-","-/-","-/-","A/A","-/-","A/A","A/A","A/A","A/A","A/A","A/A","A/A","A/A","-/-","A/A","A/A","A/A","-/-","-/-","A/A","-/-","-/-","-/-","-/-","-/-","-/-","A/A","A/A","A/A","A/A","A/A","A/A","A/A","A/A","A/A","A/A","A/A","A/A","A/A","-/-","A/A","A/A","A/A","A/G","-/-","-/-","A/G","A/G","-/-","A/G","A/G","G/G","G/G","A/A","A/A","A/A","A/G","A/A","A/A","-/-","G/G","A/G","A/G","A/A","-/-","A/G","A/A","-/-","A/A","A/A","A/G","A/A","G/G","A/A","A/A","G/G","G/G","A/G","A/G","-/-","-/-","A/G","A/A","-/-","-/-","-/-","-/-","A/A","A/G","-/-","-/-","-/-","A/A","A/G","A/A","A/A","A/A","A/G","A/G","-/-","A/A","A/A","A/G","A/A","-/-","-/-","A/A","A/G","-/-","-/-","A/A","A/A","G/G","A/A","A/G","A/A","A/A","A/A","A/G","A/A","A/A","A/A","A/G","A/A","-/-","-/-","-/-","-/-","A/A","A/G","A/A","A/A","A/G","A/G","-/-","-/-","-/-","A/G","A/A","A/A","A/G","G/G","A/A","A/A","G/G","A/A","A/G","G/G","A/A","A/A","A/A","A/A","A/A","-/-","-/-","A/G","A/G","A/A","A/G","A/A","G/G","G/G","A/A","A/A","G/G","G/G","A/G","A/G","A/G","G/G","A/G","A/G","-/-","A/A","A/G","A/A","-/-","-/-","A/G","-/-","A/G","A/A","-/-","-/-","A/A","A/A","A/G","A/A","A/A","A/A","G/G","A/A","G/G","A/G","G/G","A/A","G/G","A/A","A/A","A/A","-/-","-/-","-/-","A/A","-/-","A/A","-/-","-/-","-/-","-/-","-/-","A/G","A/A","A/A","A/G","A/G","A/G","A/A","A/A","A/A","G/G","A/A","A/A","G/G","A/G","A/A","A/A","A/G","A/A","A/A","-/-","A/A","-/-","-/-","A/A","-/-","-/-","A/G","A/A","A/A","-/-","A/A","A/A","G/G","A/A","A/A","A/A","A/A","A/A","A/A","A/A","A/A","A/A","-/-","-/-","-/-","-/-","-/-","-/-","A/A","-/-","-/-","A/A","A/A","-/-","A/A","A/A","A/A","A/A","A/A","A/A","A/G","G/G","A/G","G/G","A/G","-/-","A/A","A/A","A/A","-/-","A/A","A/A","-/-","A/G","A/G","-/-","A/A","A/G","A/A","A/A","A/G","A/A","A/A","A/A","-/-","A/A","-/-","A/A","A/A","A/A","-/-","-/-","A/A","A/A","A/A","A/A","A/A","A/A","A/A","A/A","A/A","A/G","A/A","A/A","A/A","A/A","A/A","A/A","A/A","-/-","A/A","A/A","A/G","A/A","A/G","A/A","A/A","-/-","-/-","A/G","A/A","G/G","G/G","G/G","G/G","A/G","A/G","A/G","G/G","G/G","A/G","A/A","A/G","A/G","G/G","A/A","A/G","A/A","A/G","A/A","A/A","A/A","A/G","A/A","A/G","G/G","-/-","-/-","-/-","-/-","-/-","-/-","A/A","-/-","-/-","A/A","A/A","A/A","A/A","A/A","A/A","A/G","A/G","A/A","A/A","A/A","A/G","-/-","A/A","A/G","A/A","-/-","-/-","-/-","G/G","A/A","A/A","-/-","-/-","A/A","A/A","G/G","-/-","G/G","A/A","-/-","-/-","-/-","A/A","A/A","A/A","A/A","A/G","A/G","A/A","A/G","A/G","A/A","A/G","A/A","A/A","A/A","A/A","-/-","-/-","-/-","A/G","A/A","-/-","-/-","-/-","-/-","A/A","-/-","-/-","A/G","A/G","A/A","A/A","A/G","A/G","A/A","A/A","A/G","G/G","A/A","A/G","A/A","A/G","G/G","A/A","-/-","-/-","-/-","A/A","A/A","A/G","A/A","A/A","-/-","A/G","-/-","A/A","-/-","A/A","-/-","-/-","A/A","A/A","A/G","A/G","A/A","A/G","A/A","A/A","A/A","A/A","A/G","A/A","A/A","A/A","-/-","-/-","-/-","G/G","A/A","-/-","-/-","-/-","-/-","A/A","A/A","A/A","A/A","A/A","-/-","-/-","A/A","-/-","A/A","A/A","A/A","A/A","G/G","A/A","A/A","A/A","A/G","A/A","-/-","A/A","-/-","A/A","A/A","A/A","A/A","-/-","-/-","-/-","A/G","A/G","A/A","A/G","A/G","A/A","-/-","A/G","A/G","A/G","A/A","A/A","A/G","A/G","A/G","A/G","A/G","A/A","-/-","-/-","A/A","-/-","-/-","-/-","-/-","-/-","A/A","A/A","-/-","-/-","A/A","-/-","-/-","G/G","A/A","A/A","A/A","A/A","A/A","A/A","A/A","A/A","A/A","A/A","A/G","A/A","A/A","A/G","A/A","G/G","A/G","A/A","A/G","A/A","G/G","-/-","A/A","-/-","A/A","A/A","A/G","-/-","-/-","A/G","A/A","A/A","A/A","A/A","-/-","A/A","A/A","A/A","A/A","A/A","A/A","A/A","A/A","A/A","A/A","A/G","A/A","A/A","A/A","-/-","-/-","-/-","A/G","A/A","-/-","-/-","-/-","-/-","-/-","-/-","-/-","-/-","A/G","A/G","G/G","A/G","A/A","A/A","A/A","G/G","A/G","-/-","A/G","A/G","A/G","A/G","A/A","A/G","A/A","-/-","-/-","-/-","A/A","-/-","-/-","A/A","-/-","A/A","A/A","A/A","A/A","A/A","A/A","A/A","A/A","A/G","A/A","A/A","-/-","A/A","-/-","A/G","-/-","-/-","-/-","-/-","A/A","-/-","A/G","A/A","A/A","A/A","A/G","A/A","A/G","A/G","A/A","A/G","A/A","A/A","A/A","A/A","A/A","A/A","A/G","A/A","A/A","A/G","G/G","A/G","A/A","A/A","A/A","G/G","A/A","A/A","A/G","A/A","G/G","A/G","A/G","G/G","A/G","G/G","G/G","G/G","G/G","G/G","A/A","A/A","A/G","A/G","A/G","A/A","G/G","G/G","A/G","A/A","A/A","A/A","A/A","G/G","A/A","G/G","G/G","G/G","G/G","G/G","A/A","A/A","G/G","G/G","G/G","A/A","A/A","A/A","A/A","A/A","A/A","A/A","A/A","A/A","A/A","A/A","A/A","A/A","A/A","A/A","A/A","G/G","G/G","G/G","A/A","A/A","A/A","A/A","A/A","A/A","A/A"
"445","PZA00644.11","4","25192009","C/T","C/T","C/C","C/C","C/C","C/C","C/C","C/T","C/C","C/C","C/C","C/T","C/C","T/T","C/C","C/C","C/C","C/T","C/C","C/C","-/-","C/T","C/C","C/C","C/C","C/C","C/T","C/C","C/C","C/T","C/T","C/C","C/C","C/T","-/-","C/C","C/C","C/C","C/C","C/C","C/C","-/-","C/C","C/C","C/C","C/C","C/T","C/C","C/C","C/C","C/C","C/C","C/C","C/C","C/C","C/C","C/C","C/C","C/C","C/C","C/C","C/C","C/C","C/C","C/C","C/C","C/C","C/T","C/C","C/T","C/C","C/T","C/T","C/C","C/C","C/C","C/C","C/C","-/-","C/C","C/C","C/C","C/C","C/C","C/C","C/T","C/C","T/T","C/T","C/C","C/T","-/-","C/C","C/T","C/C","T/T","C/T","C/T","C/C","C/C","C/T","-/-","C/C","C/T","-/-","C/C","C/C","C/T","C/C","C/C","C/T","C/C","T/T","C/C","-/-","C/C","C/C","C/C","C/C","C/C","C/C","C/C","C/C","C/C","C/C","C/T","C/T","C/C","C/T","C/C","C/C","C/C","C/C","C/C","C/C","C/T","C/C","-/-","-/-","C/T","C/C","C/T","C/C","C/C","C/C","C/C","C/T","C/C","C/T","C/C","C/T","-/-","C/C","C/C","C/C","C/C","C/C","C/C","C/T","C/T","C/C","C/C","C/C","C/T","C/C","C/C","C/T","C/C","C/T","C/T","C/T","C/T","C/T","C/T","C/T","T/T","C/C","C/T","C/C","C/C","C/T","C/C","C/T","C/C","C/T","T/T","C/C","T/T","C/T","T/T","C/T","C/C","C/C","C/C","-/-","C/C","C/C","-/-","C/C","C/C","C/C","C/T","C/C","C/T","C/C","C/C","C/C","C/C","C/T","C/C","C/C","C/C","C/C","C/T","-/-","C/C","T/T","T/T","C/C","C/T","C/C","C/T","T/T","C/T","C/C","C/C","C/C","C/T","C/C","C/T","C/T","-/-","C/C","-/-","C/C","C/T","C/T","C/T","C/T","C/C","-/-","-/-","-/-","C/C","C/T","-/-","-/-","C/T","C/C","C/T","C/T","C/C","C/T","T/T","C/T","C/C","C/C","C/T","C/T","C/T","C/T","C/T","-/-","-/-","-/-","C/C","C/T","C/C","-/-","C/T","C/C","C/T","C/T","C/T","C/T","C/C","C/C","C/T","C/T","C/T","C/T","C/T","C/C","-/-","C/C","C/C","C/C","C/C","C/C","C/C","C/C","C/C","C/C","C/C","C/C","C/C","C/C","C/T","C/T","C/C","C/C","C/C","C/C","C/C","C/C","C/T","C/C","C/C","C/C","C/C","C/C","C/C","T/T","C/C","C/T","C/C","C/C","C/C","C/C","C/C","C/C","C/T","C/C","C/C","C/C","C/T","C/C","C/T","C/T","C/C","C/C","C/C","-/-","C/C","C/C","C/C","C/C","C/C","C/T","C/C","C/T","-/-","C/T","C/C","C/C","C/C","C/T","C/T","C/C","C/C","C/C","C/C","C/C","C/T","C/C","C/C","C/T","C/C","C/C","C/C","C/C","C/C","C/C","C/T","C/C","C/C","C/C","C/C","C/C","C/C","C/T","C/C","C/T","C/T","C/C","C/C","C/T","C/T","C/C","C/T","C/C","-/-","C/C","C/C","C/C","C/C","C/C","C/C","C/C","C/T","C/C","C/T","C/T","C/C","C/C","C/C","C/T","C/C","C/C","C/T","C/C","C/C","C/C","C/C","C/T","C/T","C/C","C/C","C/C","C/C","C/C","C/C","C/C","C/C","C/C","-/-","C/C","C/T","C/C","C/C","C/T","C/C","C/C","C/C","C/C","C/C","C/C","C/C","C/T","C/C","C/C","-/-","C/C","C/T","C/C","C/C","C/C","-/-","C/C","C/C","C/T","C/C","C/C","C/C","C/C","C/C","C/C","C/C","C/C","C/T","C/C","C/C","C/C","C/C","C/C","C/C","C/C","C/C","C/C","C/T","C/C","-/-","C/C","C/C","T/T","C/T","C/C","C/C","C/C","C/C","C/C","C/T","-/-","C/C","C/C","C/C","C/C","C/T","C/T","C/C","C/C","C/C","T/T","C/C","C/C","C/T","C/C","C/C","C/T","C/C","C/C","C/T","C/C","C/T","C/T","C/C","C/C","C/T","C/C","C/C","C/C","C/T","C/T","C/C","C/T","C/C","C/T","C/C","C/C","-/-","-/-","C/C","C/C","C/C","C/T","C/T","C/C","C/C","C/C","C/T","C/T","C/C","-/-","C/C","C/C","C/C","C/C","C/C","C/C","C/T","C/C","C/C","C/C","C/C","C/C","C/C","C/C","-/-","C/C","C/T","C/T","C/C","T/T","C/C","C/C","C/C","T/T","C/C","-/-","C/C","C/C","C/C","C/C","C/C","C/C","C/T","C/C","C/C","C/C","C/C","C/C","C/C","-/-","-/-","-/-","C/T","-/-","C/C","C/C","C/C","C/C","C/T","C/C","-/-","C/T","C/C","C/T","C/C","T/T","C/C","C/C","C/C","C/C","C/C","C/C","C/T","C/C","C/T","C/C","C/C","C/C","C/T","C/C","C/C","C/C","C/C","C/C","C/C","C/C","C/C","C/T","C/C","-/-","C/C","C/C","C/C","C/C","C/C","C/T","C/T","C/T","C/C","C/C","C/T","C/C","C/C","C/C","C/C","C/C","T/T","C/C","C/C","C/T","C/C","C/C","C/C","C/C","C/C","C/C","C/C","C/C","C/C","C/C","C/C","C/C","-/-","C/T","C/C","C/C","C/C","C/T","C/T","C/C","C/T","C/T","C/T","C/C","C/T","C/T","C/T","C/C","-/-","C/C","C/C","C/C","C/C","C/T","C/T","C/C","-/-","-/-","C/T","C/T","C/C","C/T","C/C","C/T","C/C","C/T","C/C","C/C","C/C","C/T","C/C","C/C","C/C","C/T","C/C","C/C","C/T","T/T","C/C","C/C","C/T","C/T","C/T","C/C","C/C","C/T","C/C","C/C","C/T","C/C","C/C","C/C","C/T","C/C","C/T","C/C","C/C","C/C","C/C","C/C","C/C","C/C","C/C","C/C","C/C","C/C","C/T","C/C","C/C","C/C","C/T","C/C","C/C","C/C","C/C","C/C","C/C","C/C","C/C","C/C","C/T","C/C","C/C","C/C","C/C","C/C","C/C","C/C","C/C","C/C","C/C","C/T","C/C","C/C","T/T","C/C","-/-","C/C","C/C","C/C","C/C","C/C","C/C","-/-","C/C","C/T","C/C","C/C","C/C","C/C","C/C","C/C","C/T","C/T","C/C","C/C","C/C","C/C","C/T","C/C","C/C","-/-","-/-","C/C","C/C","C/C","C/C","C/C","C/C","C/T","C/C","C/T","C/C","C/C","C/T","C/T","C/C","C/T","C/C","C/T","C/C","C/C","C/T","C/C","C/C","C/C","C/T","C/C","C/C","C/C","C/C","C/C","C/C","C/C","C/T","C/C","C/T","C/C","C/T","C/C","C/C","-/-","C/T","C/C","C/T","C/C","C/C","C/T","-/-","C/T","C/C","-/-","C/T","C/C","C/C","C/T","C/T","C/T","C/T","C/C","C/C","C/T","C/T","C/T","-/-","C/T","T/T","C/C","C/T","C/T","C/C","C/C","C/C","C/T","C/C","C/C","C/T","C/C","-/-","C/T","C/C","C/C","T/T","C/C","C/T","C/T","-/-","C/T","C/C","C/T","C/C","-/-","C/T","C/C","-/-","-/-","C/C","C/T","-/-","C/T","C/T","T/T","C/C","C/C","C/C","C/C","C/T","-/-","C/T","C/C","C/C","C/C","C/C","C/C","C/C","C/T","C/C","C/C","C/C","C/C","C/C","C/C","C/C","C/C","C/C","C/T","C/C","C/T","C/C","C/C","C/C","C/C","C/C","C/C","C/C","C/C","C/C","C/C","C/C","C/C","C/C","C/T","C/C","C/C","C/C","C/C","C/C","C/C","C/C","C/C","C/C","C/C","C/C","C/C","C/C","C/C","C/C","C/C","C/C","C/C","C/C","C/C","C/C","C/C","C/C","C/C","C/C","C/C","C/T","C/C","C/C","C/C","C/C","C/C","C/C","-/-","C/C","C/C","C/C","C/C","C/C","T/T","T/T","C/C","C/C","C/C","C/C","C/C","C/C","C/C","C/C","C/C","C/C","C/C","C/C","-/-","C/C","C/C","C/C","C/C","C/C","C/C","C/C","C/C","C/C","C/C","C/C","C/C","C/C","C/C","C/C","C/C"
"52","PZA00051.2","4","245051649","G/G","A/A","A/A","A/A","A/G","A/A","A/A","A/A","G/G","A/A","A/G","A/A","A/A","A/A","A/A","A/A","A/A","A/A","A/A","A/A","A/A","A/A","A/A","A/A","A/G","A/G","A/A","A/A","G/G","A/A","A/G","A/A","A/A","G/G","A/A","A/A","A/A","A/A","-/-","A/A","A/A","A/A","A/A","A/A","A/A","G/G","A/A","A/A","A/A","A/A","A/A","A/A","A/A","A/A","A/A","A/A","A/G","-/-","-/-","A/A","A/A","A/A","A/A","A/A","A/A","A/A","A/A","A/A","A/A","A/A","A/A","A/A","A/A","A/A","A/A","A/A","A/A","A/A","A/A","A/A","A/A","-/-","A/A","A/A","A/A","A/A","A/A","A/A","A/A","A/A","A/A","A/A","A/A","A/A","A/A","-/-","A/A","-/-","A/A","A/G","-/-","A/A","A/A","-/-","A/A","A/A","A/G","A/A","A/A","A/A","-/-","A/A","A/A","A/A","A/A","A/G","A/G","A/A","A/A","A/G","A/A","G/G","A/G","A/A","A/A","A/G","-/-","A/A","A/G","A/A","A/G","A/A","A/A","G/G","A/A","A/A","A/A","A/A","A/A","G/G","A/A","A/A","A/A","A/A","A/A","A/A","A/A","A/A","A/A","A/A","A/A","A/A","A/G","A/A","A/A","A/G","-/-","A/A","A/A","A/A","-/-","A/A","A/A","A/A","A/A","A/A","A/A","A/A","A/A","A/A","A/A","-/-","A/A","A/A","A/A","A/A","A/A","A/A","A/A","A/A","A/A","A/G","A/A","A/A","A/A","A/A","A/A","A/A","-/-","A/G","A/A","A/A","A/A","A/A","A/A","A/A","A/A","A/A","A/A","A/G","A/A","G/G","G/G","A/G","A/A","G/G","A/A","A/G","A/G","A/A","G/G","-/-","A/G","A/A","G/G","A/A","G/G","A/A","A/A","A/A","A/A","A/A","A/A","A/G","A/A","A/A","A/A","A/A","A/A","A/A","A/A","A/A","A/A","G/G","A/A","A/A","A/A","A/A","A/A","A/A","A/A","A/G","A/A","A/A","A/A","-/-","A/A","A/A","A/G","A/A","A/A","A/A","A/A","A/A","A/G","G/G","A/A","A/A","A/A","A/G","A/A","A/G","A/A","G/G","A/A","A/A","A/G","A/G","A/G","A/A","A/A","A/A","A/G","A/A","A/A","-/-","A/A","-/-","A/G","A/A","A/A","A/A","A/A","A/A","G/G","A/A","A/A","G/G","A/A","A/A","A/G","A/G","A/G","A/A","A/A","A/G","A/A","A/G","A/A","A/A","A/G","A/A","A/A","A/G","G/G","A/G","A/A","A/A","A/A","A/A","A/A","A/A","G/G","A/A","A/G","A/A","G/G","A/A","A/A","A/G","A/A","A/G","A/A","A/G","A/A","A/A","A/A","G/G","G/G","A/A","A/A","A/A","A/A","A/A","A/A","A/G","A/A","A/G","A/A","A/A","A/A","A/A","A/A","A/A","A/A","A/A","A/A","A/A","A/A","-/-","A/A","A/A","A/A","A/A","A/A","A/A","A/A","A/A","A/G","A/A","A/A","-/-","A/A","A/A","A/A","A/A","A/A","A/G","A/A","G/G","A/A","A/A","-/-","A/A","A/A","A/A","A/A","A/A","G/G","A/A","A/A","A/A","A/A","A/A","A/A","A/A","A/A","G/G","A/A","A/A","A/A","A/A","A/A","A/A","A/A","A/A","A/A","A/A","A/A","A/A","A/A","A/A","A/A","A/A","A/A","A/A","A/G","A/A","A/A","A/A","A/A","A/A","A/G","-/-","A/A","A/A","A/A","A/A","A/G","A/A","A/A","A/A","A/A","A/A","A/A","A/A","-/-","A/A","A/A","A/A","A/A","A/A","A/A","A/A","A/G","-/-","A/A","A/A","A/A","A/A","A/G","A/A","A/A","A/A","A/A","A/A","A/A","A/A","A/A","A/A","A/A","A/A","A/A","A/A","A/A","A/A","A/A","A/A","A/A","A/A","A/A","G/G","A/A","G/G","A/A","A/A","-/-","A/A","A/A","A/A","A/A","A/A","A/A","A/A","A/A","A/A","A/A","A/A","-/-","A/A","A/A","A/G","A/A","A/A","A/A","A/A","A/G","-/-","A/G","A/A","A/G","A/A","A/A","A/A","A/G","A/G","A/G","A/G","A/A","-/-","A/A","A/A","G/G","G/G","A/A","G/G","A/A","A/A","A/A","A/A","A/A","G/G","A/A","-/-","A/A","A/A","A/A","A/A","A/A","A/A","A/A","A/G","G/G","A/A","A/G","A/A","A/A","A/G","G/G","A/A","G/G","A/A","G/G","G/G","-/-","G/G","A/G","A/G","A/A","A/G","A/G","-/-","A/A","A/A","A/A","G/G","A/A","G/G","G/G","A/A","A/A","A/A","A/A","A/A","A/G","A/A","A/A","A/A","A/A","A/A","A/A","A/A","-/-","A/A","A/A","G/G","G/G","A/A","A/A","A/G","G/G","G/G","A/A","A/A","A/A","A/A","-/-","G/G","A/G","A/A","A/A","A/A","A/G","A/A","A/A","A/G","A/A","A/A","A/A","-/-","A/A","-/-","-/-","A/G","A/A","G/G","A/A","A/A","A/A","A/A","A/A","A/A","A/G","A/G","A/G","G/G","A/A","A/A","A/A","G/G","A/A","A/G","A/A","A/A","A/A","A/A","A/A","-/-","A/A","A/A","A/A","A/A","A/G","A/G","A/G","A/A","-/-","A/A","-/-","A/A","A/A","A/G","A/A","A/A","A/A","A/A","A/A","A/A","A/G","A/A","A/A","A/A","A/A","A/A","G/G","A/A","-/-","A/A","A/A","A/A","A/A","A/A","A/A","A/G","A/G","A/G","A/A","A/A","A/A","A/G","-/-","A/A","A/A","A/A","A/A","A/G","A/A","-/-","A/A","A/G","A/A","A/A","A/A","A/A","-/-","A/A","A/A","G/G","A/G","A/A","G/G","A/A","G/G","A/A","A/A","G/G","A/A","A/A","A/G","A/A","A/G","A/A","A/A","A/A","A/G","A/G","G/G","-/-","A/A","A/G","A/A","A/A","G/G","A/A","A/A","-/-","A/A","A/A","A/A","A/A","A/A","-/-","A/A","A/A","A/A","A/A","A/G","A/A","A/A","A/A","A/A","A/A","A/A","A/A","A/A","A/A","A/A","A/A","A/A","A/A","A/A","A/A","A/A","A/A","A/A","A/G","A/A","A/A","A/A","A/A","A/A","A/A","G/G","A/A","A/A","A/A","A/A","A/A","A/A","A/G","A/A","A/A","A/G","A/A","A/A","A/A","A/A","A/G","A/A","A/A","A/A","A/A","A/A","A/A","A/A","A/A","G/G","A/A","A/G","A/G","A/A","A/A","A/A","A/G","A/A","A/A","A/A","G/G","A/A","A/A","A/G","A/G","G/G","A/A","A/A","A/A","A/A","A/A","G/G","A/G","A/A","A/A","A/A","A/A","A/A","A/A","A/A","A/A","A/A","A/A","A/A","A/A","A/A","A/A","A/G","A/A","A/A","A/G","A/G","G/G","A/A","A/A","A/A","A/A","A/A","A/A","A/A","A/A","-/-","A/A","A/A","A/A","A/A","A/A","A/G","A/A","A/A","A/A","A/G","A/A","A/A","A/A","A/A","A/A","A/A","A/A","A/A","A/A","A/A","A/A","A/A","A/A","A/A","A/A","A/A","A/A","A/A","A/G","A/A","A/A","A/A","A/A","A/A","A/A","A/G","A/A","A/A","A/A","A/A","A/A","A/A","A/A","A/A","A/A","A/A","A/A","A/A","A/A","A/A","A/A","A/A","A/A","A/A","A/A","A/A","A/G","A/A","A/A","A/A","A/G","A/A","A/A","A/A","A/A","A/A","A/G","A/A","A/G","A/A","A/A","A/A","A/G","A/G","A/G","A/A","A/A","A/G","A/A","G/G","A/G","A/A","A/A","A/A","A/A","A/A","A/A","A/A","A/A","A/A","A/A","A/A","A/A","A/A","A/A","A/A","A/A","A/A","A/A","A/A","A/A","A/A","A/A","A/A","A/A","A/A","A/A","A/G","A/A","A/A","G/G","A/A","A/A","A/A","A/A","A/A","A/A","A/A","A/A","A/A","A/A","A/A","A/A","A/A","A/A","G/G","G/G","A/A","A/A","A/A","A/A","A/A","A/A","A/A","A/A","A/A","A/A","A/A","A/A","A/A","A/A","A/A","A/A","A/A","A/A","A/A","A/A","A/A","A/A","A/A","A/A","A/A","A/A","A/A","A/A","A/A"
"467","PZA00682.2","4","244992844","G/G","G/G","C/C","C/C","-/-","G/G","G/G","C/C","C/G","C/G","G/G","C/G","G/G","C/G","C/G","C/C","C/G","C/G","C/G","G/G","C/G","C/C","G/G","C/G","C/G","-/-","C/G","C/G","G/G","C/C","G/G","C/G","C/G","G/G","C/C","C/G","G/G","C/C","-/-","C/G","G/G","G/G","C/G","G/G","C/C","C/G","C/C","C/G","G/G","G/G","G/G","C/G","C/C","G/G","G/G","C/G","C/C","G/G","C/G","C/G","G/G","G/G","C/G","G/G","G/G","G/G","G/G","C/C","G/G","G/G","C/G","C/G","G/G","G/G","C/G","G/G","C/C","C/G","C/G","G/G","C/C","-/-","G/G","C/G","G/G","C/C","C/C","C/C","C/C","C/G","C/C","C/G","G/G","C/G","C/G","C/C","C/C","C/G","C/C","C/G","G/G","C/C","C/C","C/C","C/G","G/G","C/G","G/G","G/G","C/G","G/G","-/-","G/G","C/C","C/G","G/G","G/G","G/G","C/G","G/G","G/G","G/G","G/G","G/G","G/G","C/G","C/G","G/G","C/G","C/G","C/C","G/G","G/G","G/G","C/G","G/G","G/G","G/G","G/G","G/G","G/G","G/G","C/G","C/C","G/G","C/G","C/G","C/C","C/G","G/G","C/G","C/C","C/C","C/G","C/C","G/G","C/G","C/G","C/G","C/G","C/G","C/G","C/G","C/G","C/G","C/G","C/G","G/G","C/G","C/G","G/G","G/G","G/G","G/G","G/G","C/G","G/G","C/G","G/G","G/G","G/G","C/G","G/G","C/G","C/C","C/G","G/G","G/G","C/G","C/G","C/G","G/G","C/G","C/G","G/G","G/G","C/G","C/G","G/G","G/G","G/G","G/G","C/G","G/G","G/G","G/G","C/G","G/G","G/G","G/G","G/G","C/G","G/G","G/G","G/G","G/G","G/G","G/G","C/G","C/C","G/G","G/G","C/C","C/G","C/C","G/G","G/G","C/C","G/G","G/G","C/G","C/C","G/G","G/G","G/G","G/G","G/G","C/G","G/G","G/G","C/G","C/G","G/G","C/G","C/G","C/G","C/G","G/G","G/G","C/G","C/G","C/G","C/G","C/G","G/G","C/C","C/C","G/G","G/G","C/G","G/G","G/G","G/G","C/G","C/C","G/G","G/G","C/G","G/G","G/G","C/C","C/G","C/G","C/G","G/G","C/C","C/G","-/-","G/G","G/G","G/G","G/G","C/G","G/G","C/C","G/G","G/G","C/G","G/G","G/G","C/G","C/G","C/G","C/C","G/G","-/-","C/G","C/G","C/G","G/G","C/G","G/G","C/G","C/C","C/C","C/G","C/G","G/G","G/G","C/C","G/G","G/G","C/G","C/G","G/G","G/G","G/G","C/G","G/G","C/G","G/G","G/G","C/G","G/G","G/G","G/G","G/G","G/G","C/G","G/G","G/G","G/G","C/C","C/G","G/G","G/G","C/G","G/G","C/G","G/G","C/G","C/C","C/G","C/G","G/G","C/C","C/G","C/G","C/G","G/G","G/G","G/G","C/G","G/G","G/G","C/G","C/G","G/G","G/G","G/G","C/C","C/G","C/G","G/G","C/G","C/G","G/G","C/G","G/G","C/G","C/C","C/G","C/G","G/G","G/G","C/G","C/G","C/G","C/C","C/G","C/C","-/-","C/G","G/G","C/G","G/G","G/G","G/G","G/G","G/G","C/G","G/G","G/G","C/G","C/G","C/G","G/G","C/G","C/C","G/G","C/G","C/G","G/G","G/G","G/G","C/G","G/G","G/G","C/C","G/G","G/G","C/G","C/G","-/-","C/G","C/G","C/G","C/G","G/G","C/G","G/G","C/G","G/G","C/G","G/G","G/G","C/C","G/G","C/G","C/G","G/G","G/G","G/G","G/G","C/G","-/-","C/G","G/G","C/G","C/C","G/G","G/G","C/C","C/G","G/G","C/G","G/G","G/G","G/G","C/G","C/C","C/G","C/C","C/G","C/G","G/G","G/G","G/G","G/G","-/-","C/C","G/G","C/G","G/G","C/G","G/G","G/G","C/G","G/G","C/C","G/G","G/G","C/G","C/G","G/G","G/G","C/G","G/G","C/G","G/G","C/G","C/C","C/C","G/G","C/G","C/G","C/C","C/C","C/G","G/G","G/G","C/G","G/G","C/C","C/G","C/G","G/G","C/G","C/G","C/C","G/G","C/G","G/G","C/G","G/G","G/G","G/G","G/G","C/G","C/C","C/C","C/G","C/C","G/G","C/G","C/C","C/G","C/C","G/G","G/G","G/G","C/G","C/C","G/G","G/G","C/G","C/C","C/C","G/G","C/C","G/G","G/G","G/G","C/G","G/G","G/G","C/G","G/G","C/G","C/G","G/G","C/G","C/C","C/C","C/G","G/G","C/C","G/G","C/G","G/G","G/G","G/G","G/G","G/G","G/G","G/G","G/G","G/G","G/G","G/G","C/C","C/G","-/-","G/G","G/G","C/G","G/G","G/G","C/C","G/G","C/G","C/C","C/G","G/G","C/C","C/G","G/G","C/C","C/G","C/G","G/G","G/G","C/C","C/C","G/G","G/G","C/G","G/G","C/G","-/-","G/G","G/G","C/C","C/C","C/C","C/G","C/G","C/G","C/G","C/G","C/G","G/G","C/C","G/G","C/G","C/G","C/C","C/G","C/G","G/G","C/G","C/C","G/G","G/G","G/G","C/C","C/G","-/-","G/G","C/C","G/G","G/G","C/G","G/G","C/G","C/C","G/G","G/G","G/G","C/G","C/C","C/G","G/G","G/G","C/G","C/C","C/G","C/G","C/C","G/G","G/G","G/G","C/C","C/G","G/G","C/C","C/G","C/G","C/G","C/G","G/G","G/G","C/C","G/G","C/G","C/G","C/G","C/G","C/G","C/G","C/C","G/G","C/C","C/G","C/G","C/G","C/G","C/C","C/C","C/G","C/G","C/G","G/G","C/G","G/G","G/G","G/G","C/G","C/C","C/G","C/C","G/G","G/G","C/C","C/G","C/C","G/G","C/C","G/G","C/G","G/G","C/G","C/C","C/G","C/G","C/G","G/G","C/G","C/G","G/G","C/C","C/G","C/G","G/G","C/G","G/G","G/G","C/G","G/G","G/G","C/C","-/-","C/C","G/G","C/G","G/G","G/G","G/G","G/G","G/G","C/G","C/G","C/G","C/C","G/G","C/G","G/G","C/G","C/C","C/C","C/G","G/G","G/G","C/G","C/G","C/G","C/C","G/G","C/C","C/G","G/G","C/G","G/G","G/G","C/G","C/C","G/G","G/G","C/C","C/C","G/G","C/C","C/C","C/G","C/G","G/G","G/G","G/G","C/G","C/G","G/G","C/G","C/C","C/G","G/G","C/G","G/G","G/G","C/G","C/C","G/G","C/G","G/G","-/-","C/G","C/G","G/G","G/G","C/G","C/G","C/C","C/C","C/G","G/G","C/C","G/G","G/G","C/G","G/G","G/G","C/C","G/G","C/C","G/G","C/C","C/C","G/G","C/C","-/-","C/G","C/G","C/G","G/G","G/G","C/G","C/G","C/G","C/C","-/-","C/C","C/G","C/G","G/G","G/G","G/G","G/G","C/C","C/C","C/G","C/C","C/G","C/G","G/G","G/G","C/C","C/G","C/G","G/G","G/G","G/G","C/G","C/G","C/G","C/G","G/G","G/G","G/G","G/G","G/G","G/G","C/G","G/G","C/G","G/G","G/G","C/G","C/G","G/G","C/C","G/G","C/C","G/G","G/G","G/G","C/G","C/C","C/C","C/G","C/G","C/G","G/G","G/G","G/G","C/G","C/G","G/G","C/G","C/G","G/G","C/C","C/G","C/G","G/G","C/G","C/G","C/G","C/G","C/C","G/G","G/G","G/G","C/G","C/G","-/-","G/G","G/G","G/G","C/G","C/G","G/G","G/G","C/G","C/C","C/C","C/G","C/G","C/G","G/G","G/G","C/G","-/-","G/G","C/G","G/G","G/G","G/G","G/G","G/G","G/G","G/G","G/G","G/G","G/G","G/G","G/G","G/G","G/G","C/G","G/G","G/G","C/C","C/G","C/C","C/G","G/G","G/G","C/C","C/C","C/C","C/C","C/C","C/C","G/G","G/G","G/G","G/G","G/G","C/C","C/C","G/G","G/G","G/G","G/G","G/G","C/C","C/C","C/C","C/C","C/C","G/G","G/G","C/C","C/C","C/C","C/C","G/G","G/G","G/G","G/G","G/G","G/G","G/G","C/C","C/C","C/C","G/G","G/G","G/G","G/G","G/G","G/G","-/-","C/C","C/C","C/C"
"609","PZA03017.11","4","243222845","C/C","C/T","T/T","C/C","C/C","C/C","C/C","T/T","C/C","C/C","C/C","C/C","C/C","C/C","C/T","C/T","-/-","C/C","C/C","C/C","T/T","C/C","C/C","C/C","C/C","C/C","C/C","C/C","C/C","C/C","C/C","C/C","C/C","C/C","C/C","C/C","C/C","C/C","C/T","C/T","C/C","-/-","C/C","C/C","C/C","C/C","C/C","T/T","C/C","C/C","T/T","C/C","C/T","C/C","C/T","C/T","C/T","C/C","-/-","C/C","C/T","C/C","C/C","C/C","T/T","C/T","C/C","C/T","C/T","C/T","C/T","C/C","T/T","T/T","C/C","-/-","C/C","T/T","C/T","C/T","C/T","C/C","C/T","C/C","C/T","C/C","C/C","C/T","C/T","C/C","C/C","C/T","C/C","C/C","C/C","C/C","C/C","-/-","C/C","C/C","C/T","C/T","T/T","C/C","C/T","C/T","C/C","C/C","C/C","C/C","C/T","C/T","C/T","C/C","C/C","C/T","T/T","C/C","C/T","T/T","C/C","T/T","C/T","C/T","T/T","C/T","C/T","C/C","T/T","T/T","C/T","C/C","C/C","T/T","C/T","C/C","C/C","C/T","C/C","C/T","C/T","C/C","C/T","C/C","C/C","C/C","C/C","C/C","C/C","C/C","C/C","C/C","C/C","C/C","C/C","C/T","C/C","C/C","C/C","C/C","C/C","C/C","C/C","C/C","C/C","C/T","C/C","C/T","C/C","C/C","C/C","C/C","C/C","T/T","C/C","-/-","-/-","C/C","-/-","C/C","C/T","C/T","C/T","T/T","C/C","T/T","C/C","-/-","C/C","C/C","C/C","C/C","C/C","C/C","C/C","C/C","C/C","C/T","C/C","C/C","C/C","C/C","-/-","C/C","C/T","C/T","C/C","T/T","C/C","C/C","C/C","C/C","C/T","C/C","C/C","T/T","C/C","C/C","C/C","-/-","C/C","C/C","C/C","C/C","C/C","C/C","C/C","C/T","C/C","C/C","C/T","C/T","C/T","C/C","T/T","C/T","C/C","C/C","C/T","C/T","C/C","C/C","C/T","C/T","-/-","C/C","C/C","C/T","C/T","C/T","C/C","T/T","C/C","C/C","C/C","C/C","C/C","C/C","C/C","T/T","C/T","-/-","C/C","C/T","-/-","C/T","T/T","C/C","C/C","C/C","C/C","C/C","C/C","C/C","C/C","C/C","C/C","C/T","C/C","C/C","C/C","C/T","C/C","C/C","C/T","-/-","C/C","C/C","C/T","C/C","C/C","C/T","C/C","C/C","C/T","C/T","C/C","C/C","T/T","T/T","C/C","C/C","C/C","C/T","C/C","C/C","C/C","C/T","C/C","C/T","C/C","C/C","C/C","C/C","C/C","C/C","C/C","C/C","C/C","C/C","C/T","T/T","C/C","C/C","C/C","C/C","C/T","C/C","C/C","C/C","C/T","C/C","C/C","C/C","-/-","C/C","C/C","C/C","C/C","C/C","C/C","C/C","C/C","C/C","C/T","C/C","C/C","C/T","-/-","C/C","C/C","C/C","C/C","C/C","C/C","C/C","C/C","C/C","C/C","C/C","T/T","-/-","C/C","C/C","C/C","C/C","C/C","C/C","T/T","C/C","C/C","C/T","C/C","C/C","C/C","C/T","C/C","C/C","-/-","C/T","C/C","C/T","C/T","C/T","C/C","C/C","C/C","C/C","C/C","T/T","C/C","C/C","C/T","C/C","C/C","C/T","C/C","C/C","C/T","C/C","C/C","T/T","C/T","C/C","C/T","C/C","C/C","C/T","C/T","-/-","-/-","C/C","C/C","C/C","C/T","C/C","C/C","C/T","C/C","C/T","T/T","C/C","C/T","C/C","C/C","C/C","C/C","C/C","T/T","C/T","T/T","C/T","C/C","C/T","C/C","C/C","C/C","C/C","C/C","C/C","C/C","C/T","C/C","C/T","C/C","C/T","C/C","C/C","C/C","C/T","C/T","C/C","C/C","T/T","C/T","C/C","C/C","C/T","C/C","C/C","C/C","C/C","C/C","T/T","C/C","C/C","C/C","C/T","C/C","C/C","C/C","C/C","C/C","C/T","C/C","C/C","C/T","C/C","C/T","C/C","C/T","C/T","C/C","C/C","C/C","C/C","C/T","C/C","-/-","-/-","C/C","C/T","C/T","C/C","C/T","C/T","C/T","C/T","C/C","C/C","C/C","C/C","C/C","C/C","C/C","C/T","C/C","C/C","C/T","C/C","T/T","C/C","C/T","C/C","T/T","C/T","C/C","C/T","C/T","C/C","C/C","C/C","C/C","C/C","C/C","C/T","C/T","C/T","-/-","C/T","T/T","C/C","C/C","-/-","T/T","T/T","C/T","C/C","C/T","C/T","C/T","C/T","C/C","C/C","C/C","C/T","C/T","T/T","C/T","C/C","C/T","C/C","C/C","C/C","C/T","T/T","-/-","C/C","C/C","T/T","T/T","T/T","-/-","C/C","C/T","T/T","C/C","C/T","C/C","C/T","C/C","C/C","C/C","C/T","T/T","C/T","C/T","T/T","C/C","C/C","C/T","C/T","C/C","C/T","C/T","C/C","C/C","C/C","C/C","C/C","T/T","C/T","C/C","C/C","T/T","C/T","C/T","C/T","C/C","C/C","C/C","-/-","C/C","C/T","C/T","C/C","C/C","C/T","C/T","C/C","C/C","C/C","C/T","T/T","-/-","C/T","C/C","C/T","C/C","C/C","C/C","C/C","T/T","C/C","C/T","C/C","C/C","C/C","C/C","C/C","C/C","C/C","C/C","C/C","C/C","C/T","C/C","C/C","C/C","C/C","C/C","C/C","C/C","C/C","-/-","C/C","C/C","C/C","C/C","C/T","C/C","C/C","C/C","C/C","C/C","C/C","C/C","C/C","C/C","-/-","C/C","C/C","T/T","C/T","C/T","C/C","C/C","C/C","C/C","C/C","C/T","T/T","C/C","C/C","C/C","T/T","C/T","C/C","C/C","C/C","C/C","C/C","C/T","C/C","-/-","C/C","C/T","C/C","C/T","C/T","C/C","C/C","C/C","C/T","C/C","C/C","C/C","C/C","-/-","C/C","C/T","C/C","C/T","C/C","C/C","C/C","C/C","C/C","C/C","C/C","C/C","C/C","C/C","C/T","C/C","-/-","C/T","C/C","C/C","C/C","C/C","C/C","C/C","C/C","C/C","C/T","C/C","C/C","C/C","C/C","C/C","C/C","C/C","C/C","C/C","C/T","C/C","C/T","C/C","C/T","-/-","C/C","-/-","C/C","C/C","C/C","C/T","T/T","C/T","C/C","C/C","C/C","C/T","C/T","C/C","C/T","C/C","C/C","C/C","C/T","C/T","C/T","T/T","-/-","C/T","C/T","T/T","T/T","C/C","C/T","C/C","T/T","C/T","C/T","C/C","C/C","C/C","C/T","C/C","T/T","C/T","C/T","C/C","C/C","C/C","-/-","C/C","T/T","C/C","C/C","C/C","C/C","C/C","C/C","C/C","-/-","C/C","C/C","C/C","C/C","C/C","C/C","C/C","C/C","C/C","C/C","C/C","C/C","T/T","T/T","C/T","C/C","C/C","C/C","C/C","T/T","C/C","C/C","C/C","C/C","C/C","C/C","C/C","C/C","C/C","C/T","C/T","C/T","C/C","C/C","C/C","T/T","C/C","C/T","C/C","C/C","C/T","C/C","C/C","C/T","-/-","C/C","C/C","C/T","C/C","C/C","C/T","C/C","C/C","C/T","C/C","C/T","C/T","C/C","C/C","C/T","C/C","C/C","C/C","C/T","C/C","C/T","C/C","C/C","C/C","C/C","C/T","C/C","C/T","C/C","C/C","C/C","C/C","C/C","C/C","C/T","C/C","C/C","C/C","C/T","C/C","C/C","C/C","C/C","C/C","C/C","C/C","C/C","C/C","C/C","C/C","C/C","C/T","C/T","C/C","C/C","C/T","C/C","C/C","C/C","C/C","C/C","C/C","C/C","C/C","C/C","C/C","C/C","-/-","C/C","C/C","C/C","-/-","-/-","-/-","C/C","C/C","C/C","C/C","-/-","C/C","C/C","-/-","C/C","-/-","C/C","C/T","C/C","C/C","C/C","C/C","C/C","C/C","C/C","C/C","C/C","C/C","T/T","T/T","C/C","C/C","C/C","C/C","C/C","C/C","C/C","C/C","C/C","C/C","T/T","T/T","T/T","T/T","T/T","T/T","T/T","T/T","T/T","C/C","C/C","C/C","C/C","-/-","C/C","C/T","T/T","T/T","T/T","T/T","T/T","T/T","T/T","C/C","C/C","C/C"
"608","PZA03017.10","4","243222842","C/C","C/C","C/C","T/T","T/T","T/T","T/T","C/C","C/T","C/T","T/T","T/T","C/T","T/T","C/T","C/T","T/T","T/T","T/T","T/T","T/T","T/T","T/T","T/T","T/T","T/T","C/T","T/T","C/C","T/T","T/T","T/T","T/T","T/T","T/T","T/T","T/T","T/T","C/T","C/T","C/T","C/T","T/T","C/T","T/T","T/T","T/T","C/C","T/T","T/T","C/C","C/T","C/T","T/T","C/T","C/C","C/T","T/T","C/T","T/T","C/T","T/T","T/T","T/T","C/C","C/C","-/-","C/C","C/C","C/T","C/C","T/T","C/C","C/C","T/T","C/T","T/T","C/C","C/T","C/C","C/T","T/T","C/T","C/C","C/T","C/T","T/T","T/T","C/T","T/T","T/T","T/T","T/T","T/T","T/T","T/T","C/T","C/T","T/T","T/T","C/T","T/T","C/C","T/T","C/T","C/T","T/T","T/T","T/T","T/T","C/T","C/T","T/T","C/T","T/T","C/T","C/C","T/T","C/T","C/C","T/T","C/C","C/T","C/T","C/C","C/T","C/T","T/T","C/C","C/C","C/C","T/T","T/T","C/C","C/C","T/T","T/T","C/C","T/T","C/T","C/T","T/T","C/C","T/T","T/T","T/T","T/T","T/T","T/T","T/T","C/T","T/T","T/T","T/T","T/T","C/T","T/T","T/T","T/T","T/T","T/T","T/T","C/T","C/T","T/T","C/T","T/T","C/C","T/T","T/T","T/T","T/T","T/T","C/C","T/T","T/T","C/T","C/T","T/T","C/T","C/T","T/T","C/T","T/T","T/T","T/T","T/T","C/T","T/T","T/T","C/C","T/T","T/T","-/-","T/T","T/T","T/T","C/T","T/T","T/T","T/T","T/T","T/T","T/T","-/-","C/T","T/T","C/C","C/T","T/T","T/T","T/T","C/T","T/T","T/T","-/-","T/T","T/T","T/T","C/C","-/-","T/T","T/T","T/T","T/T","T/T","T/T","C/T","T/T","T/T","C/T","C/T","C/T","C/T","C/C","C/T","T/T","T/T","C/T","-/-","T/T","C/T","C/T","C/T","-/-","C/T","T/T","C/T","C/T","C/T","T/T","C/C","T/T","C/T","T/T","T/T","T/T","T/T","T/T","C/C","C/C","-/-","T/T","C/T","C/T","C/T","C/C","T/T","T/T","-/-","T/T","T/T","C/T","T/T","-/-","C/T","T/T","C/T","T/T","T/T","T/T","C/T","T/T","T/T","C/C","T/T","T/T","C/T","C/T","T/T","T/T","C/T","T/T","T/T","C/T","C/T","T/T","T/T","C/C","C/C","T/T","T/T","-/-","C/T","T/T","C/T","T/T","C/T","T/T","C/T","C/T","C/C","T/T","T/T","T/T","C/T","C/C","T/T","C/T","C/T","C/T","C/C","T/T","C/T","C/T","T/T","C/T","T/T","T/T","-/-","C/C","T/T","-/-","T/T","C/T","T/T","T/T","T/T","T/T","C/T","T/T","T/T","C/C","T/T","C/T","T/T","T/T","C/C","C/T","T/T","C/C","T/T","C/T","T/T","T/T","T/T","T/T","C/C","T/T","C/T","C/C","-/-","C/T","C/T","T/T","C/T","T/T","T/T","C/C","T/T","T/T","C/T","T/T","C/T","C/T","C/C","T/T","T/T","C/T","C/T","T/T","C/T","-/-","C/C","T/T","C/T","-/-","T/T","T/T","C/C","T/T","T/T","C/T","T/T","T/T","C/T","T/T","C/T","C/T","T/T","T/T","C/C","C/T","-/-","C/T","C/T","C/C","C/T","C/T","C/T","C/T","T/T","T/T","T/T","C/T","C/T","T/T","C/T","T/T","C/C","C/C","C/T","C/T","C/T","T/T","T/T","C/C","T/T","C/C","C/C","C/C","C/T","T/T","C/T","T/T","T/T","C/T","T/T","T/T","C/T","C/T","C/T","T/T","C/T","T/T","C/T","-/-","T/T","-/-","C/T","C/T","T/T","-/-","C/C","C/T","T/T","T/T","C/C","T/T","C/T","C/T","C/T","C/T","C/C","C/T","T/T","T/T","C/T","C/T","T/T","T/T","C/T","C/C","C/T","T/T","T/T","C/T","T/T","-/-","C/T","C/C","C/T","T/T","-/-","T/T","T/T","C/T","T/T","C/T","C/C","C/T","C/T","C/T","T/T","C/T","C/C","C/C","C/C","T/T","T/T","T/T","T/T","T/T","T/T","T/T","C/T","T/T","T/T","C/T","T/T","C/C","C/T","C/C","T/T","C/C","C/T","C/T","C/T","C/T","-/-","T/T","T/T","C/T","T/T","C/C","C/T","-/-","C/T","C/T","C/T","C/C","C/T","C/T","C/C","C/C","C/C","C/T","T/T","C/T","C/T","-/-","C/T","C/T","-/-","T/T","C/T","C/T","C/C","C/T","T/T","C/T","T/T","C/T","C/C","C/T","C/C","-/-","T/T","C/C","C/C","C/C","C/C","-/-","T/T","C/T","C/C","T/T","-/-","T/T","C/T","T/T","C/T","T/T","C/T","C/C","C/T","C/T","C/C","T/T","T/T","C/T","C/T","T/T","C/T","C/T","T/T","T/T","T/T","T/T","T/T","C/C","C/T","T/T","T/T","C/C","C/T","C/T","C/T","T/T","T/T","T/T","C/T","T/T","C/T","-/-","T/T","T/T","C/T","C/T","T/T","T/T","T/T","C/T","C/C","C/C","C/T","C/T","C/T","T/T","T/T","C/T","T/T","C/C","T/T","C/T","T/T","T/T","T/T","T/T","T/T","T/T","C/T","-/-","C/T","T/T","C/T","T/T","-/-","T/T","T/T","T/T","T/T","T/T","C/C","C/C","T/T","C/T","C/T","T/T","C/T","T/T","T/T","T/T","T/T","C/T","T/T","C/T","T/T","C/T","T/T","T/T","T/T","C/C","C/T","C/T","T/T","T/T","T/T","T/T","T/T","C/C","C/C","T/T","T/T","T/T","C/C","C/T","T/T","T/T","T/T","T/T","C/T","C/C","C/T","T/T","T/T","C/T","C/T","C/T","C/T","T/T","T/T","T/T","C/T","T/T","T/T","T/T","T/T","C/T","T/T","C/T","T/T","C/T","T/T","C/T","T/T","T/T","T/T","T/T","T/T","T/T","T/T","T/T","C/T","T/T","C/T","C/C","T/T","T/T","T/T","T/T","C/T","T/T","T/T","T/T","C/T","T/T","T/T","C/T","T/T","T/T","T/T","T/T","-/-","T/T","C/T","T/T","C/T","T/T","C/C","-/-","T/T","C/T","T/T","T/T","C/T","C/T","C/C","-/-","T/T","T/T","T/T","C/T","C/T","T/T","C/T","T/T","T/T","T/T","C/T","C/T","C/T","C/C","C/T","C/T","C/T","C/C","C/C","T/T","C/T","T/T","C/C","C/T","C/T","T/T","T/T","T/T","C/C","T/T","C/C","C/T","C/T","T/T","T/T","C/C","C/C","T/T","C/C","T/T","T/T","T/T","-/-","T/T","T/T","T/T","C/C","T/T","T/T","T/T","T/T","T/T","T/T","T/T","T/T","T/T","T/T","T/T","T/T","C/C","C/C","C/T","T/T","T/T","T/T","T/T","C/C","-/-","T/T","T/T","T/T","T/T","T/T","T/T","T/T","T/T","C/T","C/T","C/C","C/T","C/T","T/T","C/T","T/T","C/T","C/C","T/T","C/C","T/T","T/T","-/-","C/T","C/T","C/T","C/T","T/T","T/T","C/C","C/T","T/T","C/T","C/T","C/T","C/T","C/T","T/T","C/C","T/T","C/T","T/T","C/T","C/T","C/T","T/T","T/T","T/T","T/T","C/T","T/T","C/T","C/T","T/T","T/T","T/T","T/T","T/T","C/T","T/T","T/T","T/T","C/T","T/T","T/T","T/T","T/T","C/T","T/T","T/T","T/T","T/T","T/T","T/T","T/T","C/T","C/T","T/T","T/T","C/T","T/T","T/T","T/T","C/T","C/T","C/T","C/C","T/T","T/T","C/T","C/T","-/-","T/T","T/T","C/C","C/C","C/C","-/-","C/C","C/C","C/C","C/T","C/T","C/C","C/T","C/C","T/T","C/C","C/T","C/T","T/T","T/T","T/T","T/T","T/T","C/C","C/C","T/T","T/T","T/T","C/C","C/C","C/C","C/C","C/C","T/T","-/-","T/T","T/T","T/T","-/-","T/T","C/C","C/C","T/T","T/T","T/T","T/T","C/C","C/C","C/C","T/T","T/T","T/T","T/T","-/-","T/T","T/T","C/C","C/C","C/C","C/C","C/C","C/C","C/C","T/T","T/T","T/T"
"29","PZA00005.9","4","243003494","C/T","T/T","T/T","-/-","C/T","C/T","C/C","C/C","T/T","C/C","C/C","C/C","C/T","C/T","C/C","C/T","C/T","-/-","T/T","C/C","C/C","C/C","C/C","C/C","-/-","C/C","-/-","C/C","C/C","C/C","C/T","C/C","C/C","C/C","C/C","C/T","C/C","C/C","-/-","-/-","C/T","C/C","-/-","C/C","C/C","C/C","-/-","C/C","T/T","C/C","C/C","C/C","C/C","C/C","C/C","C/T","C/T","C/T","-/-","C/T","C/C","-/-","C/T","-/-","T/T","T/T","-/-","C/T","C/C","C/T","T/T","T/T","C/C","T/T","C/T","C/T","C/C","C/C","C/C","-/-","C/C","C/C","C/C","T/T","C/C","C/T","C/C","-/-","C/C","C/C","T/T","C/T","C/C","C/T","C/C","C/C","C/C","C/T","C/C","-/-","T/T","C/T","C/C","C/C","C/C","C/T","C/C","C/C","C/T","C/C","C/C","C/T","-/-","C/C","C/T","T/T","T/T","C/T","-/-","T/T","T/T","T/T","T/T","T/T","T/T","T/T","T/T","C/T","T/T","T/T","C/T","T/T","T/T","T/T","C/T","T/T","T/T","T/T","C/T","C/T","T/T","C/C","T/T","T/T","C/T","T/T","-/-","T/T","-/-","C/C","T/T","C/T","T/T","C/T","T/T","T/T","T/T","-/-","C/T","C/T","T/T","T/T","C/T","C/T","C/C","-/-","C/C","C/T","C/C","C/C","C/T","C/T","C/T","C/C","C/T","C/T","C/C","C/T","C/T","C/C","C/T","C/C","C/C","C/C","C/C","C/T","C/C","C/T","C/C","C/C","C/C","C/T","C/C","C/C","T/T","-/-","T/T","C/C","T/T","C/T","C/C","C/T","C/T","C/T","-/-","C/T","T/T","T/T","C/T","C/C","-/-","C/T","T/T","C/T","C/T","-/-","C/C","C/C","C/C","C/T","C/C","C/T","C/C","C/C","C/T","C/T","C/C","C/C","-/-","-/-","C/C","T/T","T/T","C/C","C/C","C/T","C/C","-/-","C/C","C/T","T/T","C/C","C/C","-/-","-/-","-/-","T/T","C/C","C/C","C/C","C/T","C/T","T/T","C/C","C/T","C/T","-/-","T/T","C/T","C/C","C/C","C/C","C/C","C/C","C/C","C/C","C/C","C/C","C/T","T/T","C/C","C/C","C/C","C/T","C/C","C/C","C/C","-/-","C/C","C/C","C/T","C/C","C/C","C/C","C/C","T/T","-/-","C/C","-/-","-/-","-/-","-/-","C/C","C/C","-/-","C/T","C/T","C/C","C/T","T/T","C/T","T/T","C/C","C/C","C/C","-/-","T/T","C/C","C/C","C/T","-/-","C/C","C/T","C/C","C/C","C/C","T/T","C/T","-/-","T/T","T/T","C/T","C/T","C/C","C/T","C/T","-/-","C/C","C/C","-/-","C/T","C/T","C/T","C/C","C/C","C/C","C/T","T/T","C/C","C/T","C/C","T/T","T/T","C/C","-/-","C/T","C/C","C/C","C/C","C/T","T/T","-/-","C/C","C/T","C/T","C/C","C/C","C/C","C/C","C/C","C/C","-/-","C/C","-/-","C/T","C/C","C/C","-/-","C/C","C/T","-/-","C/C","C/T","C/C","C/T","C/C","C/C","C/C","C/C","C/C","-/-","C/C","C/C","C/C","C/C","C/C","T/T","C/C","C/C","C/T","C/C","C/C","C/C","C/C","-/-","C/C","C/C","C/C","C/C","C/T","C/T","-/-","C/C","C/C","C/T","C/C","C/T","C/T","C/C","C/T","C/T","C/T","C/T","C/T","C/C","C/T","C/T","C/T","-/-","C/C","T/T","C/T","C/C","C/C","C/C","C/C","-/-","C/C","C/C","T/T","C/C","C/C","C/C","C/C","C/C","C/C","C/C","C/C","C/C","-/-","C/C","C/T","C/C","C/T","C/C","C/C","C/C","C/C","-/-","C/C","C/C","C/T","C/T","T/T","C/C","C/C","C/C","C/C","C/C","T/T","C/C","C/T","C/T","T/T","C/T","C/T","C/C","C/T","T/T","C/C","C/C","C/C","C/C","C/C","T/T","T/T","T/T","C/T","C/T","C/C","-/-","T/T","-/-","T/T","C/T","-/-","C/C","C/C","T/T","-/-","C/C","T/T","C/C","T/T","-/-","C/T","T/T","-/-","T/T","-/-","T/T","T/T","T/T","C/T","C/T","C/T","C/C","C/T","T/T","C/C","-/-","C/T","C/T","-/-","C/T","T/T","C/T","C/T","T/T","C/C","-/-","C/T","C/T","-/-","C/C","-/-","C/T","-/-","C/C","C/C","C/C","T/T","-/-","T/T","C/T","C/T","C/C","C/C","C/C","C/C","-/-","C/C","C/C","C/T","C/C","-/-","C/C","C/C","C/C","T/T","C/T","C/T","C/C","C/C","-/-","C/C","C/C","-/-","C/C","C/C","C/C","C/C","-/-","C/C","C/C","-/-","C/C","C/T","C/C","C/C","C/C","C/C","C/C","C/C","C/C","C/C","C/C","C/C","C/T","C/C","C/T","C/T","C/C","C/C","C/C","C/T","C/C","C/C","C/T","C/C","C/T","C/T","C/C","C/C","C/T","C/T","C/C","C/C","C/C","C/C","C/T","C/T","C/C","C/T","C/T","-/-","C/C","C/C","C/T","C/T","C/C","C/C","C/C","C/C","C/C","T/T","C/C","-/-","-/-","C/C","-/-","C/C","-/-","-/-","C/C","C/T","C/C","-/-","C/T","-/-","C/C","C/T","C/C","C/T","C/T","C/C","-/-","T/T","C/C","C/C","-/-","C/T","C/C","C/C","C/C","T/T","C/C","C/C","C/C","C/T","C/C","-/-","C/T","T/T","C/T","C/C","C/C","C/T","-/-","C/C","T/T","-/-","C/T","C/C","C/C","C/T","C/C","C/C","C/C","C/T","-/-","C/C","C/C","C/C","T/T","T/T","C/T","C/T","C/C","C/T","-/-","C/T","T/T","C/C","C/T","C/C","T/T","C/T","-/-","T/T","C/T","T/T","-/-","C/T","C/C","C/C","-/-","C/T","T/T","C/C","C/C","T/T","C/T","C/C","-/-","C/C","C/C","C/T","C/C","C/T","C/T","C/T","T/T","C/C","-/-","C/T","T/T","C/C","C/T","C/C","C/C","C/C","C/T","C/T","T/T","C/T","C/C","C/T","C/T","C/T","T/T","C/T","C/C","C/C","-/-","C/T","T/T","C/C","C/T","C/C","-/-","C/T","C/T","C/C","-/-","C/T","C/T","C/T","C/C","C/T","C/T","-/-","T/T","C/C","C/T","C/T","C/C","C/T","T/T","C/C","C/T","-/-","C/C","T/T","C/T","C/T","C/C","T/T","T/T","C/C","T/T","C/T","C/T","C/C","C/C","-/-","T/T","T/T","C/T","-/-","C/C","C/C","C/T","-/-","T/T","C/T","C/T","C/C","C/T","C/C","T/T","C/C","C/C","-/-","C/T","C/C","T/T","C/C","C/C","C/C","T/T","C/C","C/T","C/T","C/C","C/T","C/T","T/T","C/T","T/T","C/C","C/C","C/T","T/T","-/-","C/C","C/T","C/C","C/C","C/C","C/C","-/-","T/T","T/T","C/C","C/C","-/-","C/C","C/C","C/T","-/-","-/-","C/C","C/C","-/-","C/C","C/T","C/T","C/C","C/T","-/-","C/C","-/-","T/T","T/T","C/C","-/-","C/C","C/C","C/C","C/T","-/-","C/C","C/C","C/C","C/T","-/-","C/T","C/C","C/T","C/T","T/T","T/T","C/T","C/T","C/C","C/C","C/T","-/-","C/C","C/T","C/C","C/T","-/-","C/C","-/-","C/T","C/C","C/C","C/C","C/C","C/C","C/T","C/T","C/C","C/C","C/C","-/-","C/C","C/C","C/C","C/C","C/C","C/T","C/C","C/C","-/-","C/T","C/T","C/T","T/T","T/T","T/T","-/-","C/T","C/C","C/T","C/T","C/T","T/T","C/T","C/T","C/T","T/T","T/T","T/T","C/C","T/T","C/C","C/C","C/C","C/C","C/C","C/C","C/T","C/T","C/C","C/C","C/C","C/C","C/C","C/C","C/T","C/T","T/T","T/T","T/T","C/C","C/C","C/C","C/C","C/C","T/T","T/T","C/C","C/C","C/C","C/C","C/C","C/C","C/C","C/C","C/C","C/C","C/C","C/C","C/C","C/C","T/T","T/T","T/T","T/T","C/C","C/C","C/C","C/C","C/C","C/C","C/C","C/C","C/T","C/T","C/C","C/C","C/C"
"28","PZA00005.8","4","243003350","G/T","G/G","G/G","G/T","G/T","G/T","T/T","T/T","G/G","T/T","T/T","T/T","G/T","G/T","G/T","G/T","-/-","G/T","T/T","T/T","T/T","T/T","T/T","G/T","T/T","T/T","G/T","T/T","T/T","T/T","G/T","T/T","T/T","T/T","T/T","G/T","T/T","G/T","T/T","G/T","G/T","G/T","G/T","T/T","T/T","T/T","G/T","T/T","G/G","G/T","T/T","T/T","T/T","T/T","T/T","G/T","G/T","G/T","T/T","G/T","T/T","G/T","G/T","T/T","G/G","G/T","G/T","-/-","T/T","T/T","G/G","G/G","T/T","G/T","G/T","G/T","T/T","T/T","T/T","G/T","T/T","T/T","T/T","G/T","T/T","G/T","T/T","G/T","T/T","T/T","G/G","G/T","G/T","G/T","G/T","G/T","G/T","G/T","T/T","G/G","G/G","G/T","T/T","T/T","T/T","G/T","G/T","T/T","G/T","T/T","G/T","G/T","G/T","T/T","G/T","G/G","G/G","G/T","G/G","G/G","G/G","G/G","G/G","G/G","G/G","G/G","G/G","G/T","G/G","G/G","G/T","G/G","G/G","G/G","G/T","G/G","G/G","G/G","G/T","G/T","G/G","T/T","G/G","G/G","G/T","-/-","G/T","G/G","G/T","T/T","G/G","G/T","G/G","G/T","G/G","G/G","G/G","G/T","G/T","G/T","G/G","G/G","G/T","G/T","T/T","G/T","G/T","G/T","T/T","T/T","G/T","G/T","G/T","T/T","G/T","G/T","T/T","G/T","G/T","T/T","G/T","-/-","T/T","T/T","T/T","G/T","T/T","G/T","T/T","T/T","T/T","G/T","T/T","G/T","G/G","G/T","G/G","T/T","G/G","G/T","T/T","-/-","G/T","G/T","G/T","G/T","G/G","G/G","G/T","T/T","G/T","G/T","G/G","G/T","G/T","G/G","T/T","T/T","T/T","G/T","T/T","G/T","T/T","T/T","G/T","G/T","G/T","T/T","G/T","G/T","T/T","G/G","G/G","G/T","T/T","G/T","T/T","G/T","T/T","G/T","G/G","T/T","G/T","G/T","G/T","-/-","G/G","-/-","T/T","T/T","G/T","G/T","G/G","T/T","G/T","G/T","G/T","G/G","G/T","T/T","T/T","T/T","T/T","T/T","G/T","T/T","T/T","T/T","G/T","G/G","T/T","T/T","T/T","G/T","T/T","T/T","T/T","G/T","T/T","T/T","G/T","T/T","T/T","T/T","T/T","G/G","G/T","G/T","T/T","G/T","G/T","G/T","T/T","G/T","G/T","G/T","G/T","G/T","G/T","G/G","G/T","G/G","T/T","T/T","T/T","T/T","G/G","T/T","T/T","G/T","G/T","T/T","G/T","T/T","G/T","T/T","G/G","G/T","G/T","G/G","-/-","G/T","G/T","G/T","G/T","G/T","G/T","G/T","T/T","G/T","T/T","G/T","G/T","T/T","T/T","T/T","G/T","G/G","T/T","G/T","T/T","G/G","G/G","T/T","T/T","G/T","T/T","T/T","T/T","G/T","G/G","G/G","T/T","G/T","G/T","T/T","T/T","T/T","T/T","-/-","G/T","G/T","T/T","G/T","G/T","T/T","T/T","G/T","T/T","G/T","G/T","T/T","G/T","T/T","G/T","T/T","T/T","T/T","T/T","G/T","G/T","T/T","T/T","T/T","T/T","T/T","G/G","G/T","T/T","G/T","T/T","T/T","T/T","T/T","T/T","T/T","T/T","T/T","T/T","T/T","G/T","G/G","T/T","T/T","T/T","G/T","G/T","G/T","T/T","G/T","G/T","G/T","G/T","G/T","T/T","G/G","G/T","G/T","G/T","T/T","G/T","G/T","T/T","T/T","T/T","T/T","G/T","T/T","T/T","G/G","T/T","T/T","T/T","T/T","T/T","T/T","G/T","G/T","T/T","T/T","G/T","T/T","T/T","-/-","T/T","T/T","T/T","T/T","G/T","T/T","T/T","G/T","G/T","G/G","T/T","T/T","T/T","G/T","T/T","G/G","G/T","G/T","G/T","G/G","G/T","G/T","T/T","G/T","G/G","T/T","G/T","T/T","G/T","T/T","G/G","G/G","G/G","G/T","G/T","T/T","G/T","G/G","G/T","G/G","G/T","T/T","T/T","T/T","G/G","G/T","G/T","G/G","T/T","G/G","G/T","G/T","-/-","G/G","G/G","G/T","G/G","G/G","G/G","G/T","G/T","G/T","T/T","G/T","G/G","T/T","G/T","G/T","G/T","G/T","G/T","G/G","T/T","G/T","G/G","G/T","G/T","G/T","G/T","G/T","T/T","G/T","G/T","T/T","T/T","T/T","G/T","G/G","G/T","G/G","G/T","G/T","T/T","T/T","T/T","G/T","G/T","T/T","T/T","G/T","T/T","G/G","G/T","G/T","T/T","G/G","G/G","G/T","T/T","T/T","G/T","G/T","T/T","G/T","T/T","G/G","T/T","T/T","G/T","T/T","T/T","T/T","T/T","G/T","G/G","T/T","G/T","T/T","G/T","T/T","G/G","G/T","T/T","T/T","G/T","T/T","G/T","G/T","T/T","T/T","T/T","G/T","T/T","T/T","G/T","T/T","G/T","G/T","T/T","T/T","-/-","G/T","T/T","T/T","T/T","T/T","G/T","G/T","T/T","G/T","G/T","G/T","T/T","T/T","G/T","G/T","T/T","T/T","T/T","T/T","T/T","G/G","G/T","G/T","G/T","T/T","G/T","T/T","G/T","G/G","T/T","G/T","T/T","G/T","G/T","G/T","T/T","G/T","T/T","G/T","G/T","T/T","T/T","G/G","T/T","T/T","T/T","G/T","T/T","T/T","T/T","G/G","T/T","T/T","T/T","G/T","T/T","G/G","G/T","G/G","G/T","T/T","T/T","G/T","G/T","T/T","G/G","G/T","G/G","T/T","T/T","G/T","T/T","T/T","T/T","G/T","G/T","T/T","T/T","G/T","G/G","G/G","G/G","G/T","G/T","G/T","G/T","G/T","G/G","T/T","G/T","G/T","G/G","G/T","G/G","G/G","G/T","G/G","G/T","G/T","T/T","T/T","G/T","G/T","G/G","G/G","T/T","G/G","G/T","G/T","G/T","G/T","T/T","-/-","T/T","G/T","G/T","G/T","G/G","T/T","G/T","G/T","G/G","G/T","G/T","T/T","T/T","T/T","G/T","G/T","G/G","G/G","T/T","G/T","G/T","G/T","G/G","G/T","T/T","T/T","G/T","G/T","G/G","T/T","G/T","T/T","T/T","G/T","G/T","T/T","T/T","G/T","G/T","G/T","T/T","G/T","G/T","G/T","G/G","T/T","G/T","G/T","T/T","G/T","G/G","T/T","G/T","T/T","T/T","G/G","G/T","G/T","T/T","G/G","G/G","T/T","G/G","G/T","G/T","T/T","G/T","T/T","G/G","G/G","G/T","G/G","T/T","T/T","G/T","G/T","G/G","G/T","G/T","T/T","G/T","T/T","G/G","T/T","T/T","G/G","G/T","T/T","G/G","G/T","G/T","T/T","G/G","T/T","G/T","G/G","T/T","G/T","G/T","G/G","G/T","G/G","T/T","T/T","G/T","G/G","T/T","G/T","G/G","G/T","T/T","G/T","T/T","G/T","G/G","G/G","T/T","-/-","T/T","G/G","G/T","G/T","G/T","G/G","G/T","T/T","G/T","T/T","G/G","G/T","T/T","G/T","T/T","G/T","G/G","G/G","G/G","G/T","G/G","T/T","G/G","G/T","G/T","G/G","G/G","T/T","T/T","G/T","G/G","G/T","T/T","G/T","G/T","G/G","G/G","G/T","G/T","G/T","T/T","G/T","G/T","T/T","G/T","T/T","G/T","T/T","T/T","T/T","G/T","T/T","T/T","T/T","T/T","T/T","G/T","G/T","T/T","T/T","T/T","T/T","T/T","T/T","T/T","T/T","T/T","G/T","T/T","T/T","G/T","G/T","G/T","G/T","G/G","G/G","G/G","G/T","G/T","T/T","G/T","G/T","G/T","G/G","G/T","G/T","G/T","G/G","G/G","G/G","T/T","G/G","G/T","T/T","T/T","G/T","G/T","G/T","G/T","G/T","T/T","T/T","T/T","T/T","T/T","T/T","G/T","G/T","G/G","G/G","G/G","T/T","T/T","T/T","T/T","T/T","G/G","G/G","T/T","T/T","T/T","T/T","T/T","T/T","T/T","T/T","T/T","T/T","T/T","T/T","T/T","T/T","G/G","G/G","G/G","G/G","T/T","T/T","T/T","T/T","T/T","T/T","T/T","T/T","G/T","G/T","G/G","-/-","G/G"
"376","PZA00529.3","4","240769180","A/G","A/G","G/G","G/G","G/G","A/G","G/G","A/G","G/G","G/G","A/A","G/G","A/A","A/G","G/G","A/G","G/G","G/G","G/G","G/G","G/G","G/G","G/G","G/G","-/-","G/G","G/G","G/G","G/G","G/G","G/G","G/G","G/G","G/G","G/G","G/G","-/-","G/G","G/G","A/G","G/G","A/G","G/G","G/G","A/G","A/G","A/G","A/A","G/G","G/G","A/A","G/G","A/G","G/G","G/G","A/A","A/G","A/G","G/G","G/G","A/G","-/-","A/G","-/-","G/G","A/G","A/G","-/-","A/A","G/G","A/G","G/G","G/G","A/G","A/G","G/G","G/G","G/G","A/G","A/G","A/A","G/G","G/G","A/G","A/G","G/G","G/G","G/G","G/G","G/G","G/G","G/G","G/G","G/G","G/G","G/G","A/G","G/G","-/-","-/-","G/G","G/G","G/G","G/G","A/G","G/G","G/G","A/G","G/G","G/G","A/G","G/G","G/G","G/G","A/G","A/G","A/G","G/G","-/-","A/G","A/G","G/G","G/G","G/G","A/G","G/G","G/G","A/G","A/G","G/G","A/G","A/G","G/G","G/G","A/G","G/G","G/G","G/G","A/G","G/G","G/G","A/G","G/G","A/A","G/G","G/G","A/G","A/A","G/G","A/G","G/G","G/G","G/G","A/G","G/G","A/G","G/G","G/G","G/G","A/G","A/G","A/G","A/G","G/G","A/G","A/G","G/G","G/G","A/G","G/G","G/G","G/G","G/G","G/G","G/G","G/G","G/G","G/G","G/G","G/G","G/G","G/G","G/G","G/G","G/G","G/G","G/G","G/G","G/G","G/G","G/G","G/G","A/G","G/G","A/G","-/-","G/G","A/G","G/G","G/G","G/G","A/G","G/G","A/G","A/G","G/G","A/G","A/G","G/G","G/G","G/G","G/G","G/G","G/G","G/G","-/-","G/G","G/G","G/G","G/G","G/G","A/G","A/G","A/G","G/G","G/G","A/G","G/G","G/G","G/G","A/A","G/G","G/G","G/G","G/G","G/G","G/G","G/G","G/G","G/G","G/G","A/A","G/G","G/G","-/-","-/-","-/-","G/G","G/G","G/G","G/G","A/A","G/G","G/G","G/G","G/G","G/G","G/G","G/G","A/G","G/G","G/G","G/G","A/G","A/G","G/G","G/G","G/G","G/G","G/G","G/G","A/G","G/G","A/G","G/G","-/-","G/G","G/G","G/G","A/G","G/G","G/G","G/G","G/G","A/G","G/G","G/G","G/G","-/-","G/G","G/G","G/G","G/G","-/-","G/G","A/G","A/G","G/G","G/G","G/G","A/G","A/G","G/G","G/G","G/G","-/-","A/A","-/-","G/G","G/G","-/-","G/G","G/G","G/G","-/-","G/G","G/G","A/A","G/G","G/G","G/G","G/G","G/G","A/G","G/G","G/G","G/G","G/G","G/G","-/-","G/G","G/G","G/G","G/G","G/G","-/-","G/G","-/-","A/G","G/G","G/G","-/-","G/G","-/-","-/-","G/G","G/G","A/G","G/G","G/G","G/G","-/-","G/G","A/G","G/G","G/G","G/G","G/G","G/G","G/G","G/G","A/G","G/G","-/-","G/G","G/G","G/G","G/G","A/A","G/G","G/G","G/G","G/G","G/G","G/G","G/G","G/G","A/G","G/G","A/G","G/G","G/G","G/G","G/G","G/G","G/G","G/G","G/G","G/G","A/G","G/G","G/G","G/G","A/G","-/-","G/G","G/G","G/G","A/G","-/-","G/G","-/-","G/G","G/G","G/G","G/G","G/G","A/G","G/G","A/G","G/G","G/G","G/G","G/G","G/G","G/G","G/G","G/G","-/-","G/G","G/G","G/G","A/G","G/G","G/G","G/G","G/G","G/G","A/G","G/G","G/G","G/G","G/G","G/G","G/G","G/G","-/-","G/G","A/G","G/G","A/G","-/-","G/G","G/G","G/G","A/G","G/G","G/G","-/-","A/G","G/G","-/-","G/G","G/G","G/G","A/A","G/G","A/G","G/G","G/G","A/G","G/G","G/G","G/G","G/G","G/G","G/G","G/G","G/G","A/G","G/G","G/G","A/A","A/G","-/-","A/G","G/G","A/G","A/G","G/G","A/G","G/G","G/G","G/G","G/G","G/G","G/G","G/G","G/G","A/G","A/G","G/G","G/G","A/G","A/G","G/G","G/G","-/-","G/G","-/-","G/G","G/G","G/G","A/G","G/G","G/G","G/G","G/G","A/G","G/G","G/G","G/G","G/G","G/G","G/G","G/G","G/G","G/G","G/G","A/A","A/G","G/G","G/G","A/G","G/G","G/G","G/G","-/-","G/G","G/G","G/G","G/G","G/G","G/G","G/G","G/G","G/G","G/G","G/G","G/G","G/G","G/G","G/G","G/G","G/G","-/-","G/G","G/G","G/G","G/G","G/G","A/G","G/G","G/G","-/-","G/G","G/G","-/-","G/G","G/G","G/G","G/G","G/G","G/G","G/G","-/-","G/G","G/G","G/G","G/G","G/G","G/G","G/G","A/G","G/G","G/G","G/G","G/G","G/G","G/G","G/G","G/G","G/G","G/G","G/G","G/G","G/G","G/G","G/G","G/G","G/G","G/G","G/G","G/G","G/G","G/G","G/G","G/G","G/G","G/G","G/G","G/G","G/G","G/G","G/G","-/-","G/G","G/G","G/G","G/G","G/G","G/G","G/G","G/G","G/G","G/G","G/G","G/G","G/G","G/G","G/G","G/G","G/G","G/G","G/G","G/G","A/G","G/G","A/G","G/G","G/G","G/G","G/G","G/G","A/G","G/G","-/-","G/G","G/G","G/G","-/-","G/G","G/G","A/G","G/G","G/G","G/G","G/G","G/G","-/-","G/G","-/-","G/G","G/G","-/-","G/G","G/G","G/G","G/G","A/G","A/G","G/G","G/G","G/G","G/G","G/G","G/G","G/G","G/G","G/G","-/-","A/G","G/G","G/G","G/G","G/G","G/G","G/G","G/G","G/G","G/G","A/G","G/G","G/G","G/G","A/G","G/G","G/G","-/-","G/G","G/G","G/G","G/G","G/G","G/G","G/G","-/-","G/G","G/G","G/G","G/G","A/G","G/G","G/G","-/-","-/-","G/G","G/G","G/G","G/G","A/G","G/G","G/G","G/G","G/G","G/G","G/G","A/G","G/G","A/G","G/G","G/G","G/G","G/G","G/G","G/G","G/G","G/G","G/G","G/G","G/G","G/G","G/G","G/G","A/G","A/G","G/G","G/G","G/G","-/-","G/G","A/G","G/G","G/G","G/G","-/-","G/G","G/G","G/G","G/G","A/G","A/G","A/G","-/-","G/G","A/G","G/G","G/G","G/G","G/G","G/G","G/G","G/G","G/G","G/G","-/-","G/G","G/G","-/-","G/G","A/G","G/G","G/G","G/G","G/G","-/-","G/G","G/G","G/G","-/-","A/G","G/G","G/G","A/G","A/A","G/G","G/G","G/G","G/G","G/G","G/G","G/G","G/G","G/G","G/G","A/A","G/G","G/G","G/G","G/G","G/G","G/G","-/-","G/G","G/G","G/G","G/G","G/G","G/G","G/G","G/G","G/G","G/G","G/G","-/-","-/-","G/G","G/G","G/G","G/G","G/G","G/G","G/G","G/G","G/G","A/G","-/-","G/G","G/G","G/G","-/-","G/G","G/G","A/G","G/G","G/G","G/G","G/G","G/G","G/G","-/-","G/G","-/-","A/G","A/G","G/G","-/-","G/G","G/G","G/G","G/G","G/G","G/G","G/G","G/G","G/G","-/-","G/G","G/G","G/G","G/G","A/A","G/G","G/G","A/G","G/G","G/G","G/G","G/G","G/G","A/G","G/G","G/G","-/-","G/G","G/G","A/G","A/A","A/A","G/G","A/A","G/G","G/G","G/G","G/G","G/G","G/G","G/G","A/G","G/G","G/G","G/G","G/G","G/G","A/G","A/G","-/-","G/G","G/G","G/G","G/G","G/G","A/G","G/G","G/G","G/G","G/G","G/G","G/G","A/G","G/G","G/G","G/G","G/G","G/G","G/G","G/G","G/G","G/G","G/G","G/G","G/G","G/G","G/G","G/G","G/G","G/G","G/G","G/G","G/G","G/G","G/G","G/G","G/G","G/G","G/G","G/G","G/G","G/G","G/G","G/G","G/G","A/A","A/A","G/G","G/G","G/G","G/G","G/G","G/G","G/G","A/A","A/A","A/A","A/A","G/G","G/G","G/G","G/G","G/G","G/G","G/G","G/G","G/G","G/G","G/G","G/G","G/G","G/G","G/G","G/G","G/G","G/G","G/G","G/G"
"438","PZA00636.6","4","226884613","A/G","A/G","A/A","A/G","G/G","G/G","A/A","G/G","G/G","A/G","G/G","-/-","G/G","G/G","A/G","G/G","G/G","G/G","G/G","G/G","G/G","A/G","A/G","A/A","G/G","A/G","G/G","G/G","G/G","A/G","G/G","G/G","A/A","G/G","G/G","G/G","-/-","-/-","G/G","G/G","G/G","A/G","A/G","G/G","G/G","G/G","G/G","A/A","G/G","-/-","A/G","G/G","G/G","G/G","A/G","G/G","A/G","A/G","G/G","G/G","G/G","G/G","-/-","G/G","G/G","G/G","A/G","G/G","G/G","G/G","-/-","A/G","G/G","G/G","G/G","G/G","G/G","-/-","G/G","G/G","A/G","G/G","G/G","G/G","G/G","-/-","-/-","G/G","-/-","G/G","G/G","A/G","A/G","G/G","G/G","A/G","G/G","G/G","A/G","G/G","G/G","G/G","A/G","G/G","G/G","G/G","G/G","A/G","A/G","A/G","G/G","-/-","-/-","-/-","-/-","G/G","G/G","G/G","G/G","G/G","A/G","G/G","G/G","G/G","A/G","G/G","G/G","A/G","A/G","A/G","G/G","G/G","G/G","G/G","G/G","G/G","G/G","G/G","G/G","G/G","G/G","-/-","A/G","-/-","A/G","G/G","A/G","G/G","G/G","G/G","A/A","A/G","A/A","-/-","G/G","A/G","G/G","G/G","A/G","A/G","-/-","-/-","A/G","G/G","A/G","G/G","A/G","G/G","G/G","G/G","G/G","A/G","G/G","G/G","G/G","A/G","G/G","A/G","G/G","A/G","A/G","G/G","A/G","A/G","A/G","A/G","A/A","A/A","A/G","A/G","A/A","G/G","G/G","G/G","G/G","G/G","G/G","G/G","G/G","A/G","G/G","G/G","G/G","A/G","G/G","G/G","G/G","G/G","G/G","G/G","G/G","G/G","G/G","G/G","G/G","G/G","A/A","A/G","G/G","G/G","G/G","G/G","G/G","G/G","G/G","G/G","G/G","G/G","-/-","G/G","G/G","G/G","G/G","G/G","G/G","G/G","G/G","G/G","G/G","G/G","G/G","G/G","G/G","G/G","G/G","G/G","G/G","G/G","G/G","G/G","G/G","-/-","G/G","G/G","G/G","G/G","-/-","G/G","G/G","G/G","G/G","G/G","G/G","G/G","G/G","G/G","G/G","G/G","-/-","G/G","G/G","G/G","G/G","-/-","-/-","G/G","G/G","G/G","G/G","G/G","G/G","G/G","G/G","G/G","G/G","G/G","G/G","G/G","-/-","G/G","G/G","G/G","G/G","G/G","G/G","G/G","G/G","G/G","G/G","G/G","G/G","G/G","G/G","G/G","A/G","G/G","G/G","A/G","G/G","-/-","G/G","G/G","G/G","G/G","G/G","G/G","G/G","G/G","G/G","G/G","G/G","G/G","G/G","G/G","G/G","G/G","G/G","G/G","G/G","G/G","-/-","G/G","G/G","G/G","G/G","G/G","G/G","G/G","G/G","G/G","G/G","G/G","G/G","G/G","G/G","G/G","-/-","G/G","G/G","G/G","G/G","-/-","G/G","G/G","G/G","-/-","G/G","G/G","G/G","G/G","G/G","-/-","G/G","G/G","A/G","G/G","G/G","G/G","G/G","G/G","G/G","G/G","G/G","G/G","G/G","G/G","G/G","G/G","G/G","G/G","G/G","G/G","-/-","-/-","G/G","G/G","G/G","-/-","G/G","A/G","G/G","G/G","G/G","G/G","-/-","G/G","G/G","-/-","-/-","G/G","G/G","G/G","G/G","G/G","G/G","G/G","G/G","-/-","G/G","G/G","G/G","G/G","G/G","G/G","G/G","G/G","G/G","G/G","G/G","G/G","G/G","G/G","G/G","G/G","-/-","G/G","G/G","G/G","G/G","-/-","G/G","-/-","G/G","G/G","G/G","G/G","-/-","G/G","G/G","G/G","G/G","G/G","G/G","G/G","G/G","G/G","G/G","G/G","G/G","G/G","-/-","G/G","G/G","A/G","G/G","-/-","-/-","G/G","-/-","G/G","A/G","G/G","G/G","G/G","A/G","A/G","-/-","G/G","G/G","A/G","G/G","G/G","A/G","G/G","G/G","G/G","G/G","G/G","G/G","G/G","G/G","G/G","-/-","-/-","-/-","A/G","G/G","G/G","G/G","G/G","G/G","G/G","G/G","G/G","G/G","G/G","G/G","-/-","G/G","G/G","G/G","G/G","G/G","G/G","A/G","-/-","A/G","G/G","G/G","G/G","G/G","G/G","G/G","G/G","G/G","A/G","A/A","G/G","-/-","G/G","A/G","A/G","G/G","A/G","-/-","-/-","-/-","G/G","G/G","G/G","G/G","G/G","G/G","G/G","G/G","G/G","A/G","-/-","A/G","G/G","G/G","A/G","G/G","G/G","G/G","G/G","G/G","-/-","-/-","-/-","A/G","G/G","G/G","G/G","G/G","G/G","G/G","G/G","G/G","G/G","G/G","G/G","G/G","G/G","G/G","G/G","G/G","G/G","G/G","G/G","G/G","G/G","G/G","G/G","-/-","G/G","-/-","-/-","A/A","A/G","G/G","G/G","G/G","A/G","G/G","G/G","A/G","G/G","G/G","G/G","G/G","G/G","G/G","G/G","G/G","-/-","G/G","G/G","G/G","G/G","G/G","G/G","G/G","G/G","G/G","G/G","G/G","G/G","G/G","G/G","G/G","-/-","G/G","-/-","-/-","G/G","A/G","G/G","G/G","A/A","-/-","-/-","G/G","G/G","A/G","G/G","A/G","G/G","G/G","G/G","G/G","G/G","A/G","A/G","G/G","G/G","G/G","G/G","G/G","G/G","A/G","G/G","G/G","G/G","G/G","-/-","G/G","G/G","G/G","A/A","A/G","G/G","G/G","G/G","G/G","G/G","-/-","G/G","A/G","G/G","-/-","G/G","G/G","G/G","G/G","G/G","A/G","G/G","-/-","G/G","G/G","G/G","-/-","-/-","G/G","A/G","G/G","G/G","G/G","G/G","G/G","G/G","G/G","G/G","A/A","G/G","G/G","A/G","-/-","G/G","A/G","G/G","A/G","G/G","A/G","G/G","G/G","-/-","G/G","A/G","G/G","G/G","-/-","G/G","G/G","G/G","G/G","G/G","A/G","G/G","G/G","G/G","G/G","A/G","A/A","A/A","G/G","G/G","G/G","A/G","A/G","G/G","G/G","G/G","A/A","A/G","-/-","-/-","A/G","G/G","G/G","G/G","A/A","G/G","G/G","G/G","G/G","G/G","G/G","G/G","A/A","-/-","G/G","G/G","A/G","G/G","A/G","-/-","-/-","G/G","G/G","G/G","G/G","G/G","G/G","-/-","G/G","-/-","G/G","-/-","G/G","G/G","G/G","G/G","-/-","G/G","G/G","G/G","A/G","G/G","G/G","G/G","A/G","G/G","G/G","G/G","G/G","A/G","G/G","G/G","G/G","G/G","-/-","-/-","G/G","G/G","G/G","G/G","G/G","G/G","G/G","G/G","G/G","G/G","G/G","G/G","G/G","G/G","-/-","-/-","G/G","G/G","G/G","G/G","G/G","G/G","G/G","G/G","A/A","A/G","G/G","G/G","G/G","A/G","G/G","G/G","G/G","G/G","G/G","G/G","G/G","A/G","G/G","G/G","-/-","G/G","A/G","G/G","-/-","G/G","-/-","A/G","G/G","A/G","G/G","G/G","G/G","G/G","A/G","G/G","G/G","G/G","G/G","G/G","A/G","-/-","G/G","-/-","G/G","G/G","G/G","A/G","-/-","G/G","G/G","G/G","G/G","G/G","G/G","G/G","G/G","G/G","G/G","G/G","G/G","G/G","G/G","G/G","G/G","G/G","G/G","-/-","-/-","G/G","G/G","G/G","G/G","G/G","G/G","G/G","G/G","G/G","G/G","G/G","G/G","G/G","G/G","G/G","G/G","G/G","A/G","G/G","G/G","G/G","G/G","G/G","A/A","G/G","G/G","A/G","G/G","G/G","A/G","G/G","G/G","G/G","G/G","G/G","G/G","G/G","G/G","G/G","G/G","A/G","G/G","G/G","G/G","G/G","G/G","G/G","G/G","G/G","G/G","G/G","A/G","-/-","G/G","G/G","G/G","G/G","G/G","G/G","G/G","G/G","G/G","G/G","G/G","G/G","G/G","G/G","G/G","G/G","A/A","A/A","G/G","G/G","G/G","G/G","G/G","G/G","G/G","A/A","A/A","A/A","A/A","G/G","G/G","G/G","A/A","G/G","G/G","G/G","G/G","G/G","G/G","G/G","G/G","G/G","A/A","A/A","G/G","G/G","A/A","A/A","A/A"
"544","PZA02865.11","4","220857872","A/G","A/A","A/G","A/A","A/G","A/A","A/A","A/A","A/A","A/A","A/A","G/G","A/A","A/A","A/A","G/G","A/A","A/A","A/A","-/-","A/A","A/A","A/A","A/A","A/A","A/A","A/A","A/A","A/A","A/A","A/A","A/A","-/-","A/A","A/A","A/A","A/A","A/A","A/A","A/A","A/A","A/A","A/A","A/A","A/A","A/A","A/A","A/A","A/A","-/-","A/A","A/A","A/A","A/A","A/A","A/A","A/A","A/A","A/A","A/A","A/A","A/A","A/A","A/A","A/A","A/A","A/A","A/A","A/A","A/A","A/A","A/A","A/G","A/A","A/A","A/A","A/A","A/A","A/A","A/A","A/A","A/A","A/A","A/A","A/A","A/A","A/A","G/G","G/G","A/A","A/G","G/G","A/A","G/G","G/G","G/G","A/G","-/-","A/G","A/G","G/G","G/G","A/G","A/G","A/A","A/A","A/G","G/G","A/G","A/A","-/-","A/A","G/G","A/A","G/G","A/G","A/A","A/A","A/G","A/A","A/G","A/A","A/A","A/A","A/A","A/A","A/A","A/A","A/A","A/A","A/A","A/A","-/-","A/A","A/G","-/-","A/A","A/G","A/G","A/A","A/A","-/-","A/A","G/G","A/A","A/A","A/G","G/G","A/A","A/A","A/A","A/A","G/G","A/G","A/A","A/G","A/G","A/A","A/G","A/A","G/G","-/-","A/A","A/A","A/A","A/A","A/A","A/A","A/A","A/A","A/A","A/A","A/A","A/A","A/A","A/A","-/-","A/G","A/A","A/A","A/A","A/A","A/A","A/A","A/A","A/A","A/A","A/A","A/G","A/A","A/A","A/A","G/G","A/G","A/G","A/G","A/G","A/A","A/G","A/A","A/G","A/A","G/G","A/A","A/G","A/G","A/A","A/G","A/G","A/G","A/A","A/A","A/A","A/G","A/A","G/G","A/A","A/A","A/A","A/A","A/G","A/A","A/A","A/A","A/A","A/A","A/A","A/A","A/A","A/A","-/-","A/A","A/A","A/A","A/G","A/A","A/A","A/A","A/A","-/-","A/A","A/A","A/A","A/G","A/A","A/A","A/A","A/A","A/A","A/A","A/A","-/-","A/G","A/A","A/G","A/A","A/G","A/A","A/G","A/A","A/A","A/A","A/G","A/A","A/A","A/A","A/A","A/A","A/G","A/A","A/A","A/A","A/A","A/G","A/G","A/A","A/A","A/A","A/G","A/A","A/A","A/A","A/A","A/A","A/A","A/G","A/A","A/A","A/A","A/A","A/A","A/A","A/A","A/A","A/A","A/A","A/A","A/G","A/A","A/G","A/A","A/A","A/A","A/A","A/A","A/A","A/A","A/A","A/A","A/A","A/A","A/A","-/-","A/A","A/A","A/A","A/A","A/A","A/A","A/A","A/A","A/A","A/A","A/A","-/-","A/A","A/A","A/A","A/G","A/A","A/A","A/A","A/A","A/A","-/-","A/G","A/A","-/-","A/A","A/A","A/A","A/A","A/A","A/A","A/A","A/A","A/A","A/A","A/A","A/A","A/A","A/A","A/A","A/A","A/A","A/A","A/A","A/A","A/A","A/A","A/A","-/-","G/G","A/A","A/A","A/G","A/A","A/A","A/A","A/A","A/A","A/A","A/A","A/G","A/A","A/A","A/A","A/A","A/A","A/A","A/A","A/A","A/A","A/A","A/A","A/A","A/A","A/A","A/G","A/A","A/A","A/A","A/A","A/A","A/A","A/A","A/A","A/A","A/A","A/A","A/A","A/A","A/A","A/A","A/A","A/A","-/-","A/A","A/A","A/A","A/G","-/-","A/A","A/A","A/A","A/A","A/A","A/A","A/A","A/A","A/A","A/A","A/A","A/A","A/A","A/A","A/A","A/A","A/A","A/A","A/A","A/A","A/A","A/A","A/G","A/A","-/-","A/G","-/-","A/A","A/G","A/G","A/A","A/A","A/A","A/G","A/A","A/G","A/G","A/A","A/G","A/G","A/A","A/A","A/A","A/A","A/A","-/-","A/G","A/A","A/A","A/A","A/G","A/A","A/A","A/A","A/A","A/A","A/A","A/A","A/A","A/A","A/A","A/A","-/-","A/G","A/G","A/A","A/A","A/A","A/A","A/A","A/A","A/A","A/A","A/A","A/A","A/A","-/-","A/A","A/A","A/A","A/G","A/A","A/G","A/A","A/A","A/A","A/A","A/A","A/A","-/-","A/A","A/A","A/A","A/A","A/A","A/G","A/A","A/A","A/A","A/A","A/A","A/A","A/A","A/A","A/A","A/A","A/A","A/G","A/A","A/A","-/-","A/A","A/A","A/A","A/A","-/-","A/A","A/A","A/A","A/A","A/A","A/A","-/-","A/A","A/A","A/A","A/A","A/A","A/A","A/A","A/A","A/A","A/A","A/A","A/A","-/-","A/G","A/A","A/A","A/A","A/A","A/A","A/A","A/G","A/A","A/A","A/A","A/A","A/A","A/A","A/G","A/A","A/A","A/A","A/A","A/A","A/A","A/A","A/A","A/A","A/A","A/A","A/G","A/A","A/A","A/A","-/-","A/A","A/A","A/A","A/A","A/A","A/G","A/A","A/G","A/A","A/G","A/A","A/A","A/A","A/A","A/A","A/A","A/A","A/A","A/A","A/A","A/A","A/A","A/A","A/A","-/-","A/A","A/A","A/A","A/A","A/A","A/A","A/A","A/A","A/A","A/A","A/A","A/G","A/A","A/A","A/A","A/A","A/A","A/A","A/A","A/A","A/G","G/G","A/A","A/A","A/A","-/-","A/A","A/A","A/A","A/A","A/G","G/G","A/A","A/A","A/A","A/G","A/A","A/A","G/G","A/A","A/A","A/A","A/A","A/A","A/G","A/A","A/A","-/-","A/A","A/A","A/A","A/A","A/A","A/A","A/A","A/A","-/-","A/G","A/A","A/A","A/A","A/A","A/A","A/A","A/A","-/-","A/A","A/A","A/A","A/A","A/A","A/A","A/A","G/G","A/G","A/G","G/G","A/A","A/A","A/A","A/A","A/A","A/G","A/A","A/A","A/A","A/A","A/A","A/A","A/A","A/A","A/A","A/A","A/G","A/A","A/A","A/A","A/A","A/G","A/G","A/A","A/A","A/A","A/A","A/G","A/A","A/A","A/A","A/A","A/A","A/A","A/A","A/A","A/A","A/A","A/A","A/A","A/A","A/A","A/A","A/A","A/A","-/-","A/A","A/A","A/A","A/A","A/A","A/A","A/A","A/A","A/A","G/G","A/A","A/A","A/A","A/A","A/G","A/A","A/A","-/-","A/G","A/A","A/A","A/A","A/A","A/A","A/G","A/G","A/A","A/A","A/A","A/A","A/A","A/A","A/A","A/G","A/A","A/A","-/-","-/-","A/A","A/A","A/A","A/A","A/A","-/-","A/G","A/A","A/A","A/A","A/A","A/A","A/A","A/G","A/G","A/A","A/A","A/A","A/A","A/A","A/A","A/G","A/A","A/A","A/A","A/A","A/A","A/A","A/A","A/A","A/A","A/A","A/A","A/A","A/A","A/A","A/A","A/A","A/A","A/A","A/A","A/G","-/-","A/A","A/A","-/-","A/A","A/A","A/A","A/A","A/A","A/A","A/A","A/A","A/A","A/A","A/A","A/A","A/A","A/A","A/G","A/G","A/A","A/A","A/A","A/A","A/A","A/G","A/A","A/A","A/A","A/A","A/A","A/A","A/A","A/A","A/A","A/A","A/A","A/A","A/G","A/A","A/A","A/G","-/-","A/A","A/A","A/A","A/A","-/-","A/A","A/A","-/-","A/A","A/A","A/A","A/A","A/A","A/A","A/G","A/A","A/A","A/A","A/A","-/-","A/A","A/A","A/A","G/G","A/G","A/G","G/G","A/A","A/A","G/G","G/G","G/G","G/G","A/G","G/G","-/-","A/A","A/G","-/-","A/A","A/G","G/G","G/G","G/G","A/A","A/G","A/A","G/G","A/A","A/G","A/G","A/A","A/A","A/A","A/A","A/A","A/G","A/A","A/A","A/A","A/A","A/G","A/A","A/A","A/A","A/A","A/A","A/A","A/A","A/A","A/A","A/A","A/A","A/A","A/A","A/A","A/A","A/A","A/A","A/A","A/A","A/A","A/A","A/A","A/A","A/A","A/A","G/G","G/G","G/G","G/G","G/G","A/A","A/A","A/A","A/A","A/A","A/A","A/A","A/A","A/A","-/-","A/A","A/A","-/-","A/A","A/A","A/A","A/A","A/A","A/A","A/A","G/G","G/G","G/G","A/A","A/A","A/A","A/A","A/A","A/A","A/A","A/A","A/A","A/A"
"652","PZA03081.11","4","215393400","C/G","C/G","C/C","C/G","G/G","G/G","C/C","C/G","G/G","C/G","G/G","C/G","G/G","G/G","G/G","G/G","-/-","G/G","G/G","C/G","-/-","G/G","G/G","G/G","C/G","G/G","G/G","C/G","G/G","G/G","C/C","G/G","G/G","G/G","G/G","G/G","G/G","C/G","C/G","C/G","C/G","G/G","G/G","G/G","G/G","C/G","G/G","G/G","C/C","C/C","C/G","C/G","C/G","G/G","G/G","C/G","G/G","G/G","C/G","C/G","C/C","G/G","G/G","G/G","C/C","C/G","G/G","-/-","G/G","G/G","C/G","C/G","G/G","G/G","C/G","G/G","G/G","G/G","C/C","G/G","C/G","C/C","G/G","G/G","G/G","C/G","G/G","C/C","G/G","C/C","C/C","G/G","C/G","C/G","C/C","C/G","C/G","C/G","C/G","C/C","C/G","C/G","G/G","C/C","C/C","C/G","C/G","C/C","C/C","C/G","C/G","G/G","C/G","C/C","C/C","C/G","G/G","G/G","G/G","G/G","G/G","G/G","G/G","G/G","C/G","G/G","G/G","G/G","G/G","G/G","G/G","G/G","G/G","G/G","G/G","G/G","G/G","G/G","G/G","G/G","G/G","G/G","G/G","C/G","C/C","-/-","C/G","C/G","C/C","C/G","G/G","C/G","G/G","G/G","C/C","C/G","C/G","G/G","G/G","C/G","C/G","G/G","C/G","G/G","G/G","C/C","G/G","C/G","C/G","C/C","C/C","C/C","C/C","G/G","C/G","G/G","C/C","C/G","C/C","C/G","C/G","C/C","G/G","C/C","G/G","G/G","G/G","C/G","C/C","C/C","C/C","C/C","C/G","C/G","G/G","C/C","C/G","C/C","G/G","C/C","C/G","-/-","G/G","G/G","C/C","C/G","C/C","C/C","G/G","C/C","C/C","C/G","G/G","C/G","G/G","G/G","C/C","G/G","G/G","G/G","G/G","G/G","G/G","G/G","C/G","G/G","G/G","C/G","G/G","G/G","G/G","G/G","G/G","G/G","G/G","G/G","G/G","G/G","G/G","C/C","G/G","G/G","G/G","C/G","G/G","-/-","G/G","-/-","G/G","G/G","G/G","G/G","C/G","C/G","C/G","G/G","G/G","G/G","G/G","G/G","C/G","G/G","G/G","G/G","G/G","G/G","G/G","G/G","C/G","G/G","G/G","G/G","G/G","G/G","C/G","G/G","G/G","G/G","C/C","G/G","G/G","G/G","G/G","G/G","G/G","C/C","G/G","G/G","G/G","G/G","C/G","C/C","G/G","C/G","C/G","G/G","G/G","C/G","C/C","C/G","G/G","G/G","-/-","G/G","G/G","G/G","G/G","C/G","G/G","C/G","G/G","C/G","G/G","G/G","C/G","C/G","C/C","C/G","C/G","C/G","-/-","G/G","C/G","G/G","C/G","G/G","G/G","C/G","G/G","G/G","G/G","G/G","G/G","G/G","C/C","G/G","G/G","G/G","G/G","G/G","G/G","G/G","G/G","G/G","C/G","G/G","G/G","G/G","G/G","G/G","G/G","-/-","G/G","G/G","C/G","C/G","G/G","G/G","G/G","-/-","G/G","G/G","G/G","G/G","G/G","G/G","G/G","G/G","G/G","C/G","G/G","G/G","G/G","G/G","G/G","G/G","G/G","G/G","G/G","G/G","G/G","G/G","G/G","G/G","C/G","G/G","G/G","G/G","G/G","G/G","G/G","G/G","G/G","G/G","G/G","G/G","G/G","G/G","G/G","G/G","G/G","G/G","G/G","G/G","G/G","G/G","G/G","G/G","-/-","G/G","G/G","G/G","G/G","G/G","G/G","G/G","G/G","G/G","G/G","G/G","G/G","G/G","G/G","G/G","G/G","G/G","G/G","C/C","G/G","G/G","G/G","G/G","G/G","G/G","G/G","G/G","G/G","G/G","G/G","G/G","G/G","G/G","G/G","-/-","G/G","G/G","G/G","G/G","G/G","C/C","G/G","G/G","G/G","G/G","-/-","G/G","G/G","G/G","G/G","G/G","G/G","G/G","G/G","G/G","C/C","G/G","G/G","C/G","C/C","G/G","G/G","G/G","C/G","C/G","C/G","C/G","G/G","G/G","G/G","C/C","G/G","C/C","G/G","C/G","G/G","-/-","G/G","G/G","G/G","G/G","G/G","G/G","C/G","G/G","C/G","C/G","-/-","G/G","G/G","G/G","C/C","G/G","G/G","C/G","C/G","C/G","G/G","C/G","G/G","G/G","-/-","G/G","G/G","C/G","G/G","G/G","G/G","C/G","G/G","C/G","G/G","G/G","G/G","G/G","C/C","G/G","G/G","C/G","G/G","C/C","G/G","G/G","G/G","G/G","G/G","G/G","G/G","G/G","G/G","G/G","G/G","G/G","C/G","G/G","G/G","G/G","G/G","G/G","G/G","G/G","G/G","C/G","C/G","C/C","G/G","C/G","G/G","C/G","G/G","G/G","C/C","C/C","C/G","C/C","C/C","C/G","C/G","C/G","G/G","C/C","C/C","C/G","C/C","C/C","C/C","G/G","C/G","C/C","G/G","C/C","C/G","C/C","C/G","G/G","C/C","C/G","G/G","G/G","C/C","G/G","G/G","G/G","G/G","G/G","C/G","G/G","G/G","C/G","-/-","-/-","C/G","C/G","C/G","G/G","C/G","C/G","C/C","G/G","C/G","C/G","C/G","G/G","G/G","G/G","C/C","C/G","C/G","C/G","C/C","G/G","C/C","G/G","G/G","C/G","G/G","G/G","C/G","C/C","G/G","C/G","G/G","G/G","G/G","G/G","G/G","C/G","C/G","C/G","G/G","C/C","C/C","C/C","C/G","G/G","C/C","G/G","C/G","G/G","G/G","G/G","C/G","G/G","C/G","C/G","G/G","C/C","C/G","G/G","G/G","G/G","G/G","G/G","G/G","G/G","C/C","C/G","C/G","G/G","C/C","-/-","C/C","G/G","G/G","G/G","C/G","G/G","G/G","-/-","G/G","G/G","G/G","C/C","G/G","C/G","G/G","C/G","G/G","C/C","G/G","G/G","G/G","C/G","C/G","C/G","C/G","G/G","G/G","G/G","G/G","C/G","C/G","G/G","G/G","C/G","G/G","G/G","C/C","-/-","C/G","C/G","C/G","C/G","G/G","G/G","G/G","C/G","G/G","C/G","C/G","G/G","C/G","G/G","C/C","G/G","G/G","C/C","C/G","C/C","G/G","G/G","C/G","C/G","G/G","G/G","G/G","G/G","G/G","C/C","C/G","G/G","C/G","C/G","C/C","C/G","C/G","G/G","G/G","G/G","C/G","G/G","G/G","G/G","G/G","C/C","G/G","C/G","C/C","G/G","G/G","C/C","G/G","G/G","G/G","G/G","G/G","G/G","G/G","G/G","G/G","G/G","G/G","C/C","G/G","G/G","C/G","C/G","C/G","G/G","G/G","G/G","G/G","G/G","G/G","G/G","G/G","G/G","G/G","G/G","G/G","G/G","C/G","C/G","G/G","G/G","G/G","G/G","G/G","G/G","G/G","G/G","C/C","G/G","G/G","G/G","G/G","G/G","G/G","G/G","G/G","G/G","G/G","C/C","G/G","G/G","G/G","G/G","G/G","G/G","G/G","G/G","G/G","G/G","G/G","G/G","C/C","-/-","G/G","G/G","-/-","G/G","G/G","G/G","G/G","G/G","G/G","G/G","G/G","G/G","G/G","G/G","G/G","C/C","C/G","C/G","G/G","G/G","C/G","C/G","G/G","G/G","G/G","G/G","C/G","G/G","G/G","G/G","G/G","G/G","G/G","G/G","G/G","G/G","G/G","G/G","C/G","G/G","G/G","G/G","C/C","C/G","C/C","G/G","G/G","C/C","C/C","C/G","C/C","G/G","G/G","C/G","C/C","C/G","G/G","G/G","C/G","G/G","G/G","G/G","C/G","G/G","C/G","C/C","C/G","C/G","C/C","G/G","C/C","C/C","C/C","C/C","G/G","G/G","G/G","C/G","G/G","C/G","C/G","C/G","C/C","C/C","G/G","G/G","C/C","C/C","C/C","-/-","C/C","C/C","C/C","C/C","C/C","C/C","C/C","-/-","C/C","-/-","C/G","G/G","G/G","G/G","C/C","G/G","C/C","C/C","G/G","G/G","G/G","G/G","G/G","C/C","C/C","C/C","C/C","C/C","C/C","C/C","C/C","C/C","C/C","C/C","C/C","C/C","C/C","C/C","C/C","G/G","G/G","G/G","G/G","C/C","C/C","C/C","G/G","G/G","G/G","G/G","G/G","-/-","G/G","G/G","G/G","G/G","G/G","-/-","G/G"
"650","PZA03081.1","4","215393350","C/C","C/C","C/C","C/C","C/C","C/C","C/C","C/C","C/C","C/C","C/C","C/C","C/C","C/C","C/C","C/C","C/C","C/C","C/C","C/G","G/G","C/C","C/C","C/C","C/C","C/C","C/C","C/C","C/C","C/C","C/C","C/C","C/C","C/C","C/C","C/C","-/-","-/-","-/-","C/G","C/C","C/C","C/C","C/C","C/C","C/C","C/C","C/C","C/C","-/-","C/C","C/C","C/C","C/C","C/C","-/-","C/C","C/C","C/G","C/G","C/C","C/C","-/-","C/C","C/C","C/C","C/C","C/C","C/C","C/C","-/-","C/C","C/C","C/C","C/C","-/-","C/C","-/-","C/C","C/C","C/C","C/C","C/C","C/C","C/C","-/-","-/-","C/C","C/C","C/C","C/C","C/C","C/C","C/C","C/C","C/C","C/C","C/C","C/C","C/C","C/C","C/C","C/C","C/C","C/C","-/-","C/C","C/C","-/-","C/C","C/C","C/C","-/-","-/-","-/-","C/C","C/C","C/C","C/C","C/C","C/C","C/C","C/C","C/C","C/C","C/C","C/C","C/C","C/C","C/C","C/C","C/C","C/C","C/C","C/C","C/C","C/C","C/C","C/C","C/C","C/C","-/-","C/C","-/-","C/C","C/C","C/C","C/C","C/C","C/C","C/C","C/C","C/C","-/-","C/C","C/C","C/C","C/C","C/C","C/C","-/-","-/-","C/C","C/C","C/C","C/C","C/C","C/C","C/C","C/C","C/C","C/C","C/C","C/C","C/C","C/C","C/C","C/C","-/-","C/C","C/C","C/C","C/C","C/C","C/C","C/C","C/C","C/C","C/G","C/C","C/C","C/C","C/C","C/C","C/C","C/C","-/-","-/-","C/C","C/C","C/C","C/C","C/C","C/C","C/C","C/C","C/C","C/C","C/C","C/C","C/C","C/C","C/C","C/C","C/C","C/C","C/C","C/C","C/C","C/C","C/C","C/C","C/C","C/C","C/C","C/C","C/C","C/C","-/-","C/C","C/C","C/C","C/C","C/C","C/C","C/C","C/C","C/C","C/C","C/C","C/C","C/C","C/C","C/C","C/C","C/C","C/C","C/C","C/C","C/C","C/C","C/C","C/C","C/G","C/G","C/C","-/-","C/C","C/C","C/C","C/G","C/C","C/C","C/C","C/C","C/C","C/C","C/C","-/-","C/C","C/C","C/C","C/C","C/C","-/-","C/C","C/C","C/C","C/C","C/C","C/C","C/C","C/C","C/C","C/C","C/C","C/C","C/C","-/-","C/C","C/C","C/C","C/C","C/G","C/C","C/C","C/C","C/C","C/C","C/C","C/C","C/C","C/C","C/C","C/C","C/C","C/C","C/C","C/C","-/-","-/-","C/C","C/C","C/C","C/C","C/C","C/G","C/C","C/G","C/G","C/C","C/C","C/G","C/C","C/G","C/C","C/C","C/C","C/C","C/C","-/-","C/C","-/-","C/C","C/C","C/C","C/C","C/C","C/C","C/C","C/C","C/C","C/C","C/C","C/C","C/C","-/-","C/C","C/C","C/C","C/C","-/-","C/C","C/C","C/C","-/-","C/C","C/C","C/C","C/G","C/C","-/-","C/C","C/C","C/C","C/C","C/C","C/C","C/C","C/G","C/C","C/C","C/C","C/C","C/C","C/C","C/C","C/C","C/C","C/C","C/C","C/C","-/-","-/-","C/G","C/C","C/C","-/-","C/C","C/C","C/C","C/C","C/C","C/C","C/G","C/C","C/C","-/-","-/-","C/C","C/C","C/C","C/C","C/C","-/-","C/C","C/C","C/C","C/C","C/C","C/C","C/C","C/C","C/C","C/C","C/C","C/C","C/C","C/C","C/C","C/C","C/C","C/C","C/C","-/-","C/C","C/C","C/C","C/C","-/-","C/C","-/-","C/C","C/C","C/C","C/C","-/-","C/C","C/C","C/C","C/C","C/C","C/C","C/C","C/C","C/C","-/-","C/C","C/C","C/C","-/-","C/C","C/C","C/C","C/C","-/-","-/-","-/-","C/C","C/C","C/C","C/C","C/C","C/C","C/G","C/C","C/C","C/C","C/C","C/C","C/C","C/C","C/C","C/C","C/C","C/G","C/C","C/C","C/C","C/C","C/C","C/C","-/-","-/-","C/C","C/C","C/C","C/C","C/C","C/C","C/C","C/C","C/C","C/C","C/C","C/G","C/C","-/-","C/C","C/C","C/G","C/C","C/C","C/C","C/C","C/C","C/C","C/C","C/C","C/C","C/C","C/C","C/C","C/C","C/C","C/C","C/C","C/G","-/-","C/G","C/C","C/C","C/C","C/C","-/-","-/-","-/-","C/C","C/C","C/G","C/C","C/C","C/C","C/C","C/C","C/C","C/C","-/-","C/C","C/C","C/C","C/C","C/G","C/C","C/C","C/C","C/C","-/-","-/-","-/-","C/C","C/C","C/C","C/C","C/C","C/G","C/C","C/C","C/C","C/C","C/C","C/C","C/C","C/C","C/C","C/C","C/C","C/C","C/C","C/C","C/C","C/C","C/C","C/C","-/-","C/C","-/-","-/-","C/C","C/C","C/C","C/C","C/C","C/C","C/C","C/C","C/C","C/C","C/C","C/C","C/C","C/C","C/C","C/C","C/C","C/C","C/C","C/C","-/-","C/C","C/C","-/-","C/C","-/-","C/C","C/C","C/C","C/C","C/C","C/C","C/C","-/-","C/C","-/-","-/-","C/C","C/C","C/C","C/G","C/C","C/G","-/-","C/C","C/C","C/C","C/C","C/C","C/C","C/C","C/C","C/C","C/C","C/C","C/C","C/C","C/C","C/C","C/C","C/C","C/G","C/C","C/C","C/C","C/C","C/C","-/-","C/C","C/C","C/C","C/C","C/C","C/C","C/C","C/G","C/C","C/G","-/-","C/C","C/C","C/C","-/-","C/C","C/C","C/C","C/C","C/G","C/C","C/C","C/G","C/C","C/C","C/C","-/-","-/-","C/C","C/C","C/C","C/C","C/C","C/C","C/C","C/C","C/C","C/C","C/C","C/C","C/C","C/C","-/-","C/C","C/C","C/C","C/C","C/C","C/C","C/C","C/C","-/-","C/C","C/C","C/G","C/C","-/-","C/C","C/C","C/C","C/C","-/-","C/G","C/C","C/C","C/C","C/C","C/C","C/C","C/C","-/-","C/G","C/C","C/C","C/C","C/C","C/C","C/C","C/C","C/C","-/-","-/-","C/C","C/C","C/C","C/C","C/C","C/C","C/C","C/C","C/G","C/C","C/C","C/C","C/C","-/-","C/C","C/C","C/C","C/C","C/C","-/-","-/-","C/C","C/C","C/C","C/C","C/C","C/C","-/-","C/C","-/-","C/C","-/-","C/C","C/C","C/C","C/C","-/-","C/C","C/C","C/C","C/C","C/C","-/-","C/C","C/C","C/C","-/-","C/C","-/-","C/C","C/C","C/C","C/C","C/C","-/-","-/-","C/C","C/C","C/C","C/C","C/C","C/C","C/C","C/C","C/C","C/C","C/C","C/C","C/C","C/C","-/-","-/-","C/C","C/C","C/C","C/C","C/C","C/C","C/C","-/-","C/C","C/C","C/C","C/C","C/C","C/C","C/C","C/C","C/C","C/C","-/-","C/C","C/C","C/C","C/C","C/C","-/-","C/C","C/C","C/C","C/C","C/C","-/-","C/C","C/C","C/C","C/C","C/C","C/C","C/C","C/C","C/C","C/C","-/-","C/G","C/G","C/C","C/C","C/C","-/-","C/C","C/C","-/-","C/C","-/-","C/C","C/C","C/C","C/C","C/G","C/C","C/C","C/C","C/C","C/C","C/C","C/C","C/C","C/C","C/C","C/C","C/C","C/C","-/-","-/-","C/C","C/G","C/C","C/C","C/C","-/-","C/C","C/C","C/C","C/C","C/C","C/C","C/C","C/C","C/C","C/C","C/C","C/C","C/C","C/C","C/C","C/G","C/C","C/C","C/C","G/G","C/C","C/C","C/C","C/C","C/C","C/C","C/C","C/C","C/C","C/C","C/C","C/C","C/C","C/C","C/G","C/C","C/C","C/C","C/C","C/G","C/C","C/C","C/C","G/G","C/C","C/C","C/C","C/G","C/C","C/C","C/C","C/G","C/C","C/G","C/C","C/C","C/C","C/C","C/C","C/C","C/C","C/C","C/C","C/C","C/C","C/C","C/C","C/C","C/C","C/C","C/C","C/C","C/C","C/C","C/C","C/C","C/C","C/C","C/C","C/C","C/C","C/C","C/C","C/C","C/C","C/C","C/C","C/C","C/C","C/C","C/C","C/C","C/C","C/C","C/C","C/C"
"651","PZA03081.10","4","215393294","G/G","A/G","G/G","G/G","G/G","G/G","G/G","G/G","G/G","G/G","G/G","G/G","G/G","G/G","A/G","G/G","G/G","G/G","G/G","A/G","A/A","G/G","G/G","G/G","G/G","-/-","G/G","G/G","G/G","G/G","G/G","G/G","G/G","G/G","G/G","G/G","G/G","A/G","G/G","A/G","G/G","G/G","G/G","G/G","G/G","G/G","G/G","G/G","G/G","G/G","G/G","G/G","G/G","G/G","G/G","G/G","G/G","G/G","A/G","A/G","G/G","G/G","G/G","G/G","G/G","G/G","G/G","G/G","G/G","G/G","G/G","G/G","G/G","G/G","G/G","G/G","G/G","G/G","G/G","G/G","G/G","G/G","G/G","G/G","G/G","A/G","G/G","G/G","G/G","G/G","G/G","G/G","G/G","G/G","G/G","G/G","G/G","G/G","G/G","G/G","G/G","G/G","-/-","G/G","G/G","G/G","G/G","G/G","G/G","G/G","G/G","G/G","G/G","G/G","G/G","G/G","G/G","G/G","G/G","G/G","G/G","G/G","G/G","G/G","G/G","G/G","G/G","G/G","G/G","G/G","G/G","G/G","G/G","G/G","G/G","G/G","G/G","G/G","G/G","G/G","G/G","G/G","G/G","G/G","-/-","G/G","G/G","G/G","G/G","G/G","G/G","G/G","G/G","G/G","G/G","G/G","G/G","G/G","G/G","G/G","G/G","G/G","G/G","G/G","G/G","G/G","G/G","G/G","G/G","G/G","G/G","G/G","G/G","G/G","G/G","G/G","G/G","G/G","G/G","G/G","G/G","G/G","G/G","G/G","G/G","G/G","G/G","G/G","A/G","G/G","-/-","G/G","G/G","G/G","G/G","G/G","G/G","G/G","G/G","G/G","G/G","G/G","G/G","G/G","G/G","G/G","G/G","G/G","G/G","G/G","G/G","G/G","G/G","G/G","G/G","G/G","G/G","G/G","G/G","G/G","G/G","G/G","G/G","G/G","G/G","G/G","G/G","G/G","G/G","G/G","G/G","G/G","G/G","G/G","G/G","G/G","G/G","G/G","G/G","G/G","G/G","G/G","G/G","G/G","G/G","G/G","G/G","G/G","G/G","G/G","G/G","A/G","G/G","A/G","A/G","G/G","G/G","G/G","G/G","G/G","A/G","G/G","G/G","G/G","G/G","G/G","G/G","G/G","A/G","G/G","G/G","G/G","G/G","G/G","G/G","G/G","G/G","G/G","G/G","G/G","G/G","G/G","G/G","G/G","G/G","G/G","G/G","G/G","G/G","G/G","G/G","G/G","G/G","A/G","G/G","G/G","A/G","G/G","G/G","G/G","G/G","G/G","G/G","G/G","G/G","G/G","G/G","G/G","G/G","G/G","G/G","G/G","G/G","G/G","G/G","G/G","A/A","G/G","A/G","A/G","G/G","G/G","A/G","G/G","A/G","G/G","G/G","G/G","G/G","G/G","G/G","G/G","G/G","G/G","G/G","G/G","G/G","G/G","G/G","G/G","G/G","G/G","G/G","G/G","G/G","G/G","G/G","G/G","-/-","G/G","G/G","G/G","G/G","G/G","G/G","G/G","G/G","G/G","G/G","A/G","G/G","G/G","G/G","G/G","G/G","G/G","G/G","G/G","G/G","A/G","G/G","G/G","G/G","G/G","G/G","G/G","G/G","G/G","G/G","G/G","G/G","G/G","G/G","G/G","A/G","G/G","G/G","G/G","G/G","G/G","G/G","G/G","G/G","G/G","G/G","G/G","G/G","G/G","G/G","G/G","G/G","G/G","G/G","G/G","G/G","G/G","G/G","G/G","G/G","G/G","G/G","G/G","G/G","G/G","G/G","G/G","G/G","G/G","G/G","G/G","G/G","G/G","G/G","G/G","G/G","G/G","G/G","G/G","G/G","G/G","G/G","G/G","G/G","G/G","G/G","G/G","G/G","G/G","G/G","G/G","G/G","G/G","G/G","G/G","G/G","G/G","G/G","G/G","G/G","G/G","G/G","G/G","G/G","G/G","G/G","G/G","G/G","G/G","G/G","G/G","G/G","G/G","G/G","G/G","A/G","G/G","G/G","G/G","G/G","G/G","G/G","G/G","G/G","G/G","G/G","A/G","G/G","G/G","G/G","G/G","G/G","G/G","G/G","G/G","G/G","G/G","G/G","G/G","G/G","G/G","G/G","G/G","G/G","G/G","G/G","A/G","G/G","G/G","G/G","G/G","A/G","G/G","G/G","G/G","G/G","G/G","G/G","G/G","G/G","G/G","G/G","G/G","G/G","G/G","G/G","G/G","G/G","A/G","G/G","G/G","G/G","G/G","G/G","G/G","G/G","G/G","G/G","G/G","G/G","A/G","G/G","G/G","G/G","G/G","G/G","G/G","G/G","G/G","G/G","G/G","G/G","G/G","A/G","G/G","G/G","G/G","G/G","G/G","G/G","G/G","G/G","G/G","G/G","G/G","G/G","A/G","G/G","G/G","G/G","G/G","G/G","G/G","G/G","G/G","G/G","G/G","-/-","G/G","G/G","G/G","G/G","-/-","G/G","G/G","G/G","G/G","G/G","G/G","G/G","G/G","G/G","G/G","G/G","G/G","G/G","G/G","G/G","G/G","G/G","G/G","G/G","G/G","G/G","G/G","G/G","G/G","G/G","G/G","G/G","G/G","G/G","G/G","G/G","G/G","G/G","G/G","G/G","G/G","G/G","G/G","G/G","G/G","G/G","G/G","G/G","G/G","G/G","G/G","A/G","G/G","A/A","G/G","G/G","G/G","G/G","G/G","G/G","G/G","G/G","G/G","G/G","G/G","G/G","G/G","G/G","G/G","G/G","G/G","G/G","A/G","G/G","G/G","G/G","G/G","G/G","G/G","G/G","G/G","G/G","G/G","G/G","G/G","G/G","A/G","G/G","A/G","G/G","G/G","G/G","G/G","-/-","G/G","G/G","G/G","G/G","G/G","G/G","G/G","A/G","G/G","-/-","G/G","G/G","-/-","G/G","G/G","G/G","G/G","G/G","G/G","G/G","G/G","G/G","G/G","G/G","G/G","G/G","G/G","G/G","G/G","G/G","G/G","G/G","-/-","G/G","G/G","G/G","G/G","G/G","G/G","A/G","G/G","G/G","G/G","G/G","G/G","G/G","G/G","A/G","G/G","G/G","G/G","G/G","G/G","G/G","G/G","G/G","A/G","G/G","G/G","G/G","G/G","G/G","G/G","G/G","G/G","G/G","G/G","G/G","G/G","G/G","G/G","G/G","G/G","G/G","G/G","G/G","G/G","G/G","G/G","G/G","A/G","G/G","G/G","G/G","G/G","G/G","G/G","-/-","G/G","-/-","G/G","G/G","G/G","G/G","G/G","G/G","G/G","G/G","G/G","G/G","G/G","G/G","G/G","G/G","G/G","G/G","G/G","G/G","G/G","G/G","G/G","G/G","G/G","G/G","G/G","G/G","G/G","G/G","G/G","G/G","G/G","G/G","G/G","G/G","G/G","G/G","G/G","G/G","G/G","G/G","G/G","G/G","G/G","G/G","G/G","G/G","G/G","G/G","G/G","G/G","G/G","G/G","G/G","G/G","G/G","G/G","G/G","G/G","G/G","G/G","G/G","G/G","G/G","G/G","G/G","G/G","G/G","G/G","G/G","G/G","G/G","G/G","G/G","G/G","G/G","G/G","G/G","G/G","G/G","G/G","G/G","G/G","G/G","G/G","G/G","G/G","-/-","G/G","G/G","G/G","A/A","A/G","A/G","G/G","G/G","G/G","A/G","G/G","G/G","G/G","G/G","G/G","G/G","G/G","G/G","G/G","G/G","G/G","G/G","G/G","G/G","G/G","G/G","G/G","G/G","G/G","G/G","-/-","G/G","G/G","G/G","G/G","G/G","A/G","G/G","G/G","G/G","G/G","G/G","G/G","G/G","G/G","G/G","G/G","G/G","G/G","G/G","G/G","G/G","G/G","G/G","G/G","A/G","A/A","G/G","G/G","G/G","A/A","G/G","G/G","G/G","G/G","G/G","G/G","G/G","G/G","G/G","-/-","G/G","-/-","G/G","G/G","A/G","G/G","G/G","G/G","G/G","A/G","G/G","G/G","G/G","A/G","G/G","G/G","G/G","A/G","G/G","G/G","G/G","A/G","G/G","A/G","G/G","G/G","G/G","G/G","G/G","G/G","G/G","G/G","G/G","G/G","G/G","G/G","G/G","G/G","G/G","G/G","G/G","G/G","G/G","G/G","G/G","G/G","G/G","G/G","G/G","G/G","G/G","G/G","G/G","G/G","G/G","G/G","G/G","G/G","G/G","G/G","G/G","G/G","G/G","G/G","G/G","G/G"
"654","PZA03081.6","4","215393255","C/T","C/C","C/C","C/C","C/C","C/C","C/T","C/C","C/C","C/C","C/C","C/C","C/C","C/C","C/C","C/C","C/C","C/C","C/C","C/T","C/C","C/C","C/T","C/C","C/C","C/C","C/T","C/T","C/C","C/C","C/C","C/C","C/T","T/T","C/C","C/C","-/-","-/-","-/-","C/C","C/T","C/C","C/C","C/C","C/C","-/-","C/C","C/C","C/T","C/T","C/C","-/-","T/T","C/C","C/C","C/C","C/C","C/C","C/C","C/C","C/T","C/C","-/-","C/T","C/C","C/C","C/C","C/C","C/C","C/C","-/-","T/T","C/T","-/-","C/T","C/C","C/C","-/-","C/C","C/C","C/C","C/C","-/-","C/C","C/C","-/-","-/-","C/C","-/-","C/C","C/T","C/C","C/T","-/-","C/T","C/C","C/C","C/T","C/C","C/T","C/T","T/T","C/C","C/C","T/T","C/C","T/T","C/C","C/C","C/T","C/C","C/C","-/-","-/-","-/-","C/C","C/C","C/C","C/C","C/C","C/C","C/C","-/-","C/C","C/C","C/C","-/-","C/C","C/C","C/C","-/-","C/C","C/C","C/C","C/C","C/C","C/C","C/C","C/C","C/C","C/C","-/-","C/C","-/-","C/T","T/T","C/T","C/C","T/T","C/T","C/C","T/T","C/C","-/-","C/C","C/C","C/C","C/C","C/C","C/T","-/-","-/-","C/C","C/C","C/C","T/T","C/C","C/C","C/C","C/C","T/T","T/T","C/C","C/C","C/C","C/C","T/T","C/T","C/C","C/T","T/T","C/T","C/C","C/C","C/C","C/C","C/C","C/C","C/T","C/T","C/C","-/-","C/C","C/C","C/C","C/T","C/C","-/-","C/C","C/C","C/C","C/C","C/C","C/C","C/C","C/C","C/C","C/C","C/C","C/C","C/C","C/C","C/C","C/C","C/C","C/C","T/T","C/C","C/C","C/C","C/C","C/C","C/C","C/C","C/C","C/C","C/C","C/T","-/-","C/C","C/C","C/C","C/C","C/C","C/C","C/C","-/-","C/C","C/C","C/T","C/C","C/C","C/C","C/T","C/C","C/C","C/C","C/C","-/-","C/C","C/C","C/C","C/C","C/C","C/C","C/C","-/-","C/C","C/C","C/C","C/C","C/C","C/C","C/C","C/C","C/C","C/C","C/C","-/-","C/C","C/C","C/C","C/C","C/C","-/-","C/T","C/C","C/C","C/C","C/C","C/C","C/C","C/C","C/C","C/C","C/C","C/C","C/T","-/-","C/C","C/C","C/C","C/C","C/C","-/-","C/C","C/C","C/C","C/C","C/C","C/C","C/C","C/C","C/C","C/C","C/C","C/C","C/C","C/C","-/-","C/C","C/C","C/C","C/C","C/C","C/C","C/C","C/C","C/C","C/C","C/C","C/C","C/C","C/C","C/C","C/C","C/C","C/C","C/C","C/C","-/-","-/-","C/C","C/C","C/C","C/C","C/C","-/-","C/C","C/C","C/C","-/-","C/C","C/C","C/C","C/C","-/-","C/C","C/C","C/C","C/C","-/-","C/C","C/C","C/C","-/-","C/C","C/C","C/C","C/C","C/C","C/T","C/C","C/C","C/C","C/C","C/C","C/C","C/C","C/C","C/C","C/C","C/C","C/C","C/C","C/C","C/C","C/C","C/C","C/C","C/C","C/C","-/-","-/-","C/C","C/C","C/C","-/-","C/C","C/C","C/C","C/C","C/C","C/C","C/C","C/C","C/C","-/-","-/-","C/C","C/C","C/C","C/C","C/C","C/C","C/C","C/C","C/C","C/C","-/-","C/C","C/C","C/C","C/C","C/C","C/C","C/C","C/C","C/C","C/C","C/C","C/C","C/C","C/C","C/C","C/C","C/C","C/C","C/C","-/-","C/C","-/-","C/C","C/C","C/C","C/C","-/-","-/-","C/C","C/C","C/C","C/C","C/C","C/C","C/C","C/C","C/C","C/C","C/C","C/T","-/-","C/C","C/C","C/C","C/C","-/-","-/-","C/C","C/C","C/C","C/C","-/-","C/C","C/C","C/C","C/C","C/C","-/-","C/C","C/C","C/C","C/C","C/C","C/C","C/C","C/C","C/C","C/C","C/C","C/C","C/C","C/T","-/-","-/-","C/C","C/C","C/C","C/C","C/C","C/C","C/C","C/C","C/T","C/C","C/C","C/C","-/-","-/-","C/C","C/C","C/C","C/C","C/C","C/C","C/C","C/C","C/C","C/C","C/C","C/C","C/C","C/T","C/C","-/-","T/T","C/C","C/C","C/C","-/-","C/T","C/T","C/C","C/C","C/C","-/-","-/-","-/-","C/C","-/-","C/T","-/-","C/C","C/C","C/C","C/T","C/C","-/-","-/-","C/T","T/T","C/C","C/C","C/C","C/C","C/C","C/C","-/-","-/-","-/-","-/-","C/C","C/C","C/C","C/C","C/C","C/C","C/C","C/T","C/C","C/C","C/C","C/C","C/T","C/T","C/T","C/C","C/C","T/T","C/C","C/T","C/T","C/C","C/T","C/C","-/-","C/C","-/-","-/-","C/C","C/C","C/C","C/C","C/C","C/C","C/C","C/C","C/C","-/-","C/C","C/C","C/C","C/C","C/C","C/C","-/-","C/C","C/C","C/C","-/-","C/C","C/T","C/C","C/T","C/C","C/C","C/C","C/C","C/C","C/C","C/T","C/C","-/-","C/C","-/-","-/-","C/C","C/T","C/C","-/-","C/C","C/C","-/-","C/C","C/T","C/C","C/C","C/C","C/C","C/C","C/T","C/C","C/C","C/C","C/C","C/C","T/T","C/C","C/C","C/C","C/C","C/C","C/C","C/T","C/C","T/T","-/-","C/C","C/C","C/C","C/C","-/-","C/C","C/C","C/C","C/C","C/C","C/C","-/-","C/C","C/C","C/C","C/C","C/C","C/C","T/T","C/C","C/T","C/C","C/T","C/T","C/C","T/T","-/-","-/-","C/T","C/C","C/C","C/C","C/C","C/C","C/C","C/C","C/C","C/C","C/C","C/C","C/C","C/T","-/-","C/C","-/-","C/C","C/T","C/T","T/T","C/C","C/C","-/-","T/T","T/T","C/C","C/C","-/-","C/C","C/C","C/C","T/T","C/T","C/C","C/T","C/T","C/T","C/C","C/C","C/C","C/T","C/C","C/C","C/C","C/C","-/-","C/C","T/T","C/C","C/C","T/T","-/-","C/C","C/C","C/C","C/T","-/-","C/C","C/C","C/C","C/C","C/C","C/C","C/T","C/C","C/T","-/-","C/T","C/T","C/T","C/C","C/C","C/C","C/T","C/C","C/C","T/T","C/C","C/T","C/C","-/-","C/C","-/-","C/C","-/-","C/C","C/C","C/C","C/C","-/-","C/C","C/C","C/C","C/C","C/C","-/-","C/T","C/C","C/C","C/T","C/C","C/T","C/C","-/-","C/C","C/C","C/C","-/-","-/-","C/C","C/C","C/C","C/C","C/C","C/C","C/C","C/C","C/C","C/C","C/C","C/C","C/C","C/C","-/-","-/-","C/C","C/C","C/C","C/C","C/C","C/C","C/C","C/C","-/-","C/C","C/C","C/C","C/C","C/C","C/C","C/C","C/C","C/C","C/C","C/C","C/C","C/C","C/C","C/C","-/-","C/C","C/C","C/C","C/C","C/C","-/-","C/C","C/C","C/C","C/C","C/T","C/C","-/-","C/C","C/C","C/C","C/C","C/C","C/C","C/C","C/C","C/T","C/C","C/C","C/C","C/C","C/C","-/-","C/C","C/C","C/C","C/C","C/C","C/C","C/C","C/C","C/C","C/C","C/C","C/C","C/C","C/C","C/C","C/C","T/T","C/T","-/-","-/-","C/C","C/C","C/C","C/C","C/C","C/C","C/C","C/C","C/C","C/C","C/C","C/C","C/C","C/C","C/C","C/C","C/C","C/C","C/C","C/C","C/C","C/C","C/C","C/C","C/C","C/C","C/C","C/C","C/C","-/-","C/C","C/C","C/C","C/C","C/C","C/C","T/T","C/C","C/C","T/T","C/T","T/T","C/T","T/T","C/T","C/T","T/T","T/T","T/T","C/C","C/T","C/T","C/T","C/C","C/C","C/C","C/C","C/T","C/C","C/T","T/T","-/-","C/C","-/-","C/C","C/C","T/T","T/T","T/T","T/T","T/T","T/T","T/T","C/C","C/C","C/C","T/T","T/T","C/C","C/C","C/C","C/C","-/-","C/C","C/C","C/C","T/T","T/T","T/T","C/C","C/C","C/C","C/C","C/C","C/C","C/C","C/C","C/C","C/C","C/C","C/C","C/C"
"653","PZA03081.13","4","215393136","-/-","T/T","-/-","C/C","-/-","-/-","C/C","T/T","C/C","C/C","C/C","C/T","C/C","C/T","C/T","C/C","C/C","C/C","C/C","C/C","C/C","C/C","C/C","-/-","C/C","C/C","C/C","C/C","C/C","C/C","C/C","C/C","C/C","C/C","C/C","C/C","C/C","C/C","C/C","C/C","C/C","C/C","C/C","C/T","C/C","C/C","C/C","C/C","C/C","C/C","C/C","C/C","C/C","C/C","C/C","C/C","-/-","C/C","C/C","C/C","C/C","C/C","C/C","-/-","C/C","C/C","C/C","C/T","C/C","C/C","C/C","C/C","C/C","C/C","C/T","C/C","-/-","C/C","C/C","C/C","C/C","C/C","C/C","C/C","C/C","C/C","C/C","C/C","C/C","C/T","C/C","C/C","C/T","C/C","C/C","C/C","C/C","C/C","-/-","C/C","-/-","C/C","C/C","C/C","C/C","-/-","C/C","C/C","C/C","-/-","C/C","C/C","-/-","C/C","C/C","C/C","C/C","C/C","C/C","C/C","C/C","-/-","C/C","-/-","T/T","C/C","C/C","C/C","C/C","C/C","C/C","C/C","C/C","C/C","C/C","C/C","C/C","C/C","C/C","C/C","C/C","C/C","C/T","C/C","C/C","C/C","C/C","C/C","C/C","C/T","C/C","C/C","C/C","C/C","C/C","C/C","C/C","C/C","C/C","C/T","C/C","C/C","-/-","C/C","-/-","C/C","C/C","C/C","C/C","C/C","C/C","C/C","C/C","C/C","C/C","C/C","C/C","C/C","C/C","C/C","C/C","C/C","C/T","-/-","C/C","C/C","C/C","C/T","C/C","C/C","C/C","C/C","C/C","C/C","C/C","C/C","C/C","C/C","C/C","C/C","C/C","C/C","C/C","C/C","C/C","C/C","C/C","C/C","C/C","C/C","C/C","C/T","C/T","C/T","C/C","-/-","C/C","C/T","C/C","C/C","C/C","-/-","T/T","C/C","C/C","C/C","C/C","C/T","C/T","C/C","C/C","-/-","C/C","C/C","T/T","C/C","C/C","C/C","C/C","C/C","C/C","C/C","C/C","-/-","C/C","C/C","-/-","C/T","C/C","C/C","C/C","C/T","C/T","C/C","C/T","C/C","C/C","C/C","C/T","C/T","C/C","C/C","-/-","C/C","C/C","C/C","C/T","C/C","C/C","C/C","-/-","C/C","C/C","C/C","C/C","C/C","C/C","C/C","C/C","C/C","C/C","C/C","T/T","-/-","C/C","-/-","C/C","C/C","C/T","C/C","C/C","C/C","C/C","C/C","C/C","T/T","C/C","C/C","C/C","C/C","C/C","C/C","-/-","C/C","C/C","C/C","-/-","C/C","C/T","C/C","C/C","C/C","C/C","C/C","C/C","C/C","C/C","C/C","C/C","C/C","C/C","-/-","C/C","-/-","C/C","C/C","C/C","C/C","-/-","C/C","C/C","C/C","C/C","C/C","C/C","C/C","C/C","C/C","C/C","C/C","C/T","C/C","C/C","C/C","C/C","C/C","C/C","C/C","C/C","C/C","C/C","C/C","C/C","C/C","C/C","C/T","C/C","C/C","C/C","C/C","C/C","C/T","C/C","C/C","C/C","C/T","C/C","C/C","-/-","C/C","C/C","C/C","C/C","-/-","C/C","-/-","C/C","C/C","C/C","C/C","C/T","C/C","-/-","C/C","C/C","C/C","T/T","C/C","-/-","-/-","C/T","C/C","C/C","C/C","C/C","-/-","C/C","-/-","-/-","C/C","C/C","C/C","C/C","C/C","-/-","C/C","C/C","C/C","C/C","C/C","C/C","C/C","C/C","C/C","C/C","C/C","C/C","C/C","C/C","C/C","C/C","C/C","C/C","C/C","C/C","C/T","C/C","C/C","-/-","C/C","C/C","-/-","C/C","C/C","-/-","C/C","C/C","C/C","C/C","C/C","C/C","C/C","C/C","C/C","C/C","C/C","C/C","C/C","C/C","C/C","-/-","C/C","C/C","C/C","C/C","C/C","C/C","C/C","C/C","C/C","C/C","C/C","C/C","T/T","C/C","C/C","C/T","C/C","C/C","-/-","-/-","C/C","C/T","-/-","C/C","C/C","C/C","C/C","C/C","C/C","C/C","C/C","C/C","C/C","C/C","C/C","T/T","C/C","-/-","C/C","C/C","T/T","C/C","C/C","C/C","C/C","C/C","C/C","C/C","C/C","C/C","C/C","C/C","C/C","C/C","C/C","C/C","C/C","C/C","C/C","C/C","C/T","C/C","C/C","C/C","-/-","C/C","C/C","C/C","C/C","C/T","C/C","-/-","C/T","C/C","C/C","-/-","C/C","C/C","C/C","C/C","C/C","C/C","-/-","C/T","C/T","C/C","C/C","C/T","-/-","C/C","C/C","C/C","C/C","C/C","C/C","C/C","C/C","C/C","C/C","C/C","C/T","C/C","C/C","-/-","C/C","C/C","C/C","C/C","C/C","C/C","C/C","C/C","C/C","C/C","C/C","C/C","C/C","C/C","-/-","C/C","C/C","C/C","C/C","C/C","C/C","C/C","C/C","-/-","C/C","-/-","C/C","C/C","C/C","C/C","C/C","C/C","-/-","C/C","C/C","C/C","C/C","C/C","C/C","C/C","C/C","C/C","C/C","C/C","C/C","C/C","C/C","C/C","C/C","C/C","C/C","C/C","C/C","C/C","C/T","C/C","C/C","C/C","-/-","C/C","C/C","C/C","C/C","C/C","C/C","C/C","C/C","-/-","C/C","C/C","C/C","C/C","C/C","C/C","C/C","C/C","-/-","C/C","C/C","C/C","-/-","C/C","C/C","C/C","-/-","C/C","C/C","C/C","C/C","C/C","-/-","C/C","C/C","C/T","-/-","C/C","C/C","C/C","C/C","C/C","C/C","C/C","C/C","C/C","C/C","C/T","C/C","C/C","C/C","-/-","C/C","C/C","C/C","C/C","C/C","C/C","C/C","C/C","C/C","C/C","C/C","C/C","T/T","-/-","C/C","T/T","C/C","C/C","C/C","C/C","C/C","C/T","C/T","-/-","C/C","C/C","C/C","C/T","C/C","C/T","C/C","C/C","C/T","C/C","C/C","C/C","C/C","-/-","C/C","C/C","C/C","C/C","C/C","C/C","C/C","C/C","C/C","C/C","C/T","C/C","C/T","C/C","C/C","C/C","C/C","C/C","C/C","C/C","C/C","C/T","C/C","C/C","C/C","C/C","C/C","C/C","C/C","C/C","C/C","C/C","C/C","C/C","C/C","C/C","C/C","C/C","C/C","C/C","C/C","C/C","C/C","C/C","C/C","C/C","C/C","C/C","C/C","C/C","C/C","C/C","-/-","C/C","C/C","-/-","C/C","C/C","C/C","C/C","C/C","C/C","C/C","-/-","C/C","C/C","C/C","C/C","C/C","C/C","C/T","C/C","C/C","-/-","C/C","-/-","C/C","C/C","C/C","C/C","-/-","C/C","C/C","C/C","-/-","T/T","C/C","C/C","C/C","T/T","C/C","T/T","C/C","C/C","C/C","C/C","C/C","C/C","C/C","C/C","C/C","C/C","C/C","C/T","C/C","-/-","C/C","C/C","C/C","C/C","C/C","C/C","C/C","C/C","C/C","C/C","C/C","C/C","C/C","C/C","C/C","C/C","C/C","C/C","C/C","C/C","C/C","C/C","C/C","-/-","C/T","C/C","C/C","C/C","C/C","-/-","C/C","C/C","C/C","C/C","C/C","-/-","C/C","C/C","C/C","C/C","C/C","C/C","C/C","C/C","C/C","C/C","C/T","C/C","-/-","C/T","C/C","C/C","C/C","C/C","C/C","C/C","-/-","C/T","T/T","C/C","C/C","C/C","C/T","C/T","C/C","C/C","C/C","C/C","T/T","T/T","C/C","C/C","C/C","C/C","C/C","C/C","C/T","C/T","C/T","C/T","C/T","-/-","C/C","C/C","C/C","C/C","C/T","C/C","C/C","C/C","C/C","C/C","C/C","C/C","C/T","C/C","C/T","C/C","C/T","C/C","C/C","C/C","C/T","C/C","C/C","C/C","C/C","C/C","C/C","C/C","-/-","C/C","C/C","C/C","C/C","C/C","C/C","C/C","C/C","C/C","C/C","C/C","C/C","C/C","C/C","C/C","C/C","C/C","-/-","C/C","C/C","C/C","C/C","C/C","C/C","C/C","C/C","C/C","C/C","C/C","-/-","C/C","C/C","C/C","C/C","C/C","C/C","C/C","C/C","-/-","C/C","T/T","C/C","C/C","C/C","C/C","C/C","C/T","-/-","C/C","-/-","C/C","C/C","C/C","-/-","C/C"
"103","PZA00139.14","4","20065054","-/-","A/A","A/A","A/A","A/A","A/A","A/G","A/A","A/A","A/A","A/A","A/A","A/A","A/A","A/A","A/A","A/A","A/A","A/A","A/A","A/A","A/A","A/A","A/A","A/A","A/A","A/A","A/A","A/A","A/A","A/A","A/A","A/A","A/G","A/A","A/A","A/A","A/A","A/A","A/G","A/A","A/G","A/G","A/A","A/A","A/G","A/A","A/A","A/G","A/A","A/A","A/A","A/A","A/A","A/A","A/G","A/A","A/G","A/A","A/A","A/A","A/G","A/G","A/A","A/A","A/A","A/G","A/A","A/A","A/G","A/A","A/A","A/A","A/A","A/A","A/A","A/A","A/A","A/A","A/A","A/A","A/A","A/A","A/A","A/G","A/A","-/-","A/A","A/A","A/A","A/A","A/A","A/A","A/A","A/A","A/A","A/A","A/A","A/A","A/A","A/A","A/A","A/A","A/A","A/A","A/A","A/A","A/A","A/G","A/G","A/A","A/A","A/A","A/A","A/A","A/G","A/G","A/A","A/A","A/A","A/A","A/G","A/G","A/A","A/A","A/A","A/G","A/A","A/A","A/A","A/A","A/A","A/A","A/A","A/A","A/A","G/G","A/A","A/G","A/G","A/A","A/A","A/A","A/A","A/A","A/A","A/A","A/A","A/A","A/A","A/A","A/A","A/A","A/A","A/A","A/A","A/A","A/G","A/A","A/A","A/A","A/G","A/G","A/A","A/A","A/A","A/A","A/A","A/A","A/A","A/A","A/A","A/A","A/A","A/A","A/A","A/A","A/G","A/G","A/A","A/A","A/A","A/A","A/A","A/A","A/A","A/A","A/A","A/A","A/A","A/A","A/G","A/A","A/A","-/-","A/A","A/G","A/G","A/A","A/A","A/A","A/A","A/A","A/A","A/A","G/G","A/G","A/G","A/A","A/A","A/A","A/A","A/A","A/G","A/G","G/G","A/A","A/A","A/A","A/A","A/A","A/A","A/A","A/A","A/G","A/A","A/A","A/A","A/A","A/A","A/A","A/A","A/G","A/A","A/A","A/A","A/A","A/A","A/A","A/A","A/G","A/G","A/A","A/A","A/A","A/A","A/A","A/A","A/A","A/A","A/A","A/A","A/A","A/A","A/A","A/G","A/G","A/A","A/A","A/G","A/A","A/A","A/A","A/A","A/A","G/G","A/A","A/A","A/A","A/A","A/A","A/A","A/A","A/A","A/A","A/A","A/G","A/A","A/A","A/A","A/A","A/A","A/G","A/A","A/A","A/A","A/A","A/A","A/A","A/A","A/A","A/A","A/G","A/A","A/A","A/A","A/A","A/A","A/A","-/-","A/G","-/-","A/A","A/A","A/A","A/A","A/A","A/A","A/A","A/A","A/A","A/A","A/A","A/A","A/A","A/A","A/A","A/A","A/A","A/A","A/A","A/A","A/A","A/A","A/A","A/A","A/A","A/A","A/A","-/-","A/A","-/-","A/A","A/A","A/A","A/A","A/A","A/A","A/A","A/A","-/-","A/A","-/-","A/A","A/A","A/A","A/A","A/G","A/A","A/A","A/A","A/A","A/A","A/A","A/A","A/A","A/A","A/A","A/A","A/A","A/A","A/A","A/G","A/A","A/A","A/A","A/A","A/A","A/A","A/A","A/A","A/A","A/A","A/A","A/A","A/A","A/A","A/A","A/A","A/A","A/A","A/A","A/A","A/A","A/A","A/A","A/A","A/A","A/G","A/A","A/A","A/A","A/A","A/A","A/A","A/A","A/A","A/A","A/G","A/A","A/A","A/A","A/A","A/A","A/A","A/A","A/A","A/A","A/A","A/A","A/A","A/A","A/A","A/A","A/A","A/A","A/A","A/A","A/A","A/A","A/A","A/A","A/A","A/A","A/A","A/A","A/A","A/A","A/A","A/A","A/A","A/A","A/A","A/A","-/-","A/A","A/A","A/A","A/A","A/A","A/A","A/A","A/G","-/-","A/A","A/A","A/A","A/A","A/A","A/A","A/G","A/A","A/A","A/A","A/A","-/-","A/A","A/A","A/A","A/A","A/A","A/A","A/A","A/A","A/A","A/A","A/A","A/A","A/A","A/A","A/A","A/A","A/A","A/A","A/A","A/A","A/A","A/A","A/A","A/A","A/A","A/A","A/A","A/G","-/-","A/A","A/A","A/A","A/G","A/A","A/A","A/A","A/A","A/A","A/G","A/A","A/A","A/A","A/A","A/A","A/A","A/A","A/A","A/A","A/A","A/A","A/A","A/A","A/A","A/G","A/A","A/A","A/G","A/A","A/A","A/A","A/A","A/A","A/A","A/A","A/A","A/A","A/A","A/A","A/A","A/A","A/A","A/A","A/A","A/A","A/A","A/A","A/A","A/G","A/A","A/A","A/A","A/A","A/A","A/G","A/A","A/G","A/A","A/G","A/A","A/A","A/A","-/-","A/A","A/A","A/A","A/A","G/G","A/A","A/G","A/A","A/G","A/G","A/G","A/A","A/A","A/A","A/A","A/A","A/A","A/A","A/A","A/A","A/A","A/A","A/A","A/A","A/G","A/A","A/A","A/A","A/A","A/A","A/A","A/A","A/G","A/A","A/A","A/A","A/A","A/G","A/A","G/G","A/A","A/G","A/A","A/A","A/A","A/A","A/A","A/G","A/A","A/A","A/A","A/G","A/A","A/G","A/A","-/-","A/A","A/A","A/A","A/A","A/A","A/G","A/G","A/A","A/A","A/A","-/-","A/A","A/A","A/A","A/A","A/A","A/A","A/A","A/A","A/A","A/A","A/A","A/A","A/G","A/A","A/A","A/A","A/A","A/A","A/A","A/A","A/A","A/A","G/G","A/A","A/A","A/A","A/A","A/G","A/A","A/A","A/A","A/G","A/A","A/A","A/A","A/A","A/A","A/G","A/A","A/A","A/A","-/-","A/G","A/A","A/A","A/A","A/A","A/A","A/A","A/A","A/A","A/A","A/A","A/G","A/A","A/A","A/A","A/A","A/A","-/-","A/A","A/A","A/G","A/G","A/G","A/G","A/G","A/A","A/A","A/A","A/A","A/A","A/A","A/A","-/-","A/G","A/G","A/A","A/G","A/A","A/A","A/G","A/G","A/A","A/A","A/A","A/A","A/A","A/G","-/-","A/A","A/A","A/A","G/G","A/A","A/A","A/A","A/A","A/A","A/A","A/A","A/G","A/A","A/A","A/A","A/A","A/A","A/A","A/A","A/A","A/A","A/A","A/A","A/A","A/A","A/A","A/A","A/A","A/A","A/A","A/A","A/A","A/A","-/-","A/G","A/A","A/A","A/A","A/A","A/A","A/A","A/A","A/A","A/A","A/A","A/A","A/A","A/A","A/A","A/A","-/-","A/A","A/A","A/A","A/A","A/A","A/A","A/A","A/A","A/A","A/A","A/A","A/A","A/A","A/A","-/-","A/A","A/A","A/A","A/A","A/A","A/A","A/A","A/A","A/A","A/A","A/A","A/A","A/A","A/A","A/G","A/A","A/A","A/A","A/A","A/A","-/-","A/A","A/A","A/A","G/G","A/A","G/G","A/A","A/G","A/A","A/A","G/G","A/A","G/G","A/A","G/G","G/G","A/A","A/A","A/G","G/G","G/G","A/A","G/G","A/G","A/A","A/A","A/G","A/G","A/A","A/A","A/A","A/A","G/G","A/A","A/G","A/A","A/A","A/G","A/G","A/A","A/A","A/A","A/G","A/A","A/A","A/A","A/A","A/G","A/A","A/A","A/A","A/A","A/A","A/A","A/A","A/A","A/A","A/G","A/A","A/A","A/G","A/A","-/-","A/G","A/A","-/-","A/A","A/A","A/A","A/A","A/A","A/A","A/A","A/A","A/A","A/A","A/A","A/A","A/A","A/G","A/A","A/G","A/G","A/G","A/A","A/A","A/A","A/G","A/A","A/G","A/A","A/A","A/A","A/A","A/A","A/A","A/A","A/A","A/A","A/A","A/G","-/-","A/G","A/G","G/G","A/A","A/A","A/A","A/A","G/G","A/A","A/A","A/A","A/A","A/A","A/A","A/A","A/A","A/G","A/A","A/A","A/A","A/A","A/A","A/A","A/A","A/A","A/A","A/A","A/A","A/A","A/A","A/A","A/A","A/A","A/A","A/A","A/A","A/A","A/A","A/A","A/A","A/A","A/A","A/A","G/G","G/G","A/A","A/A","A/A","G/G","G/G","A/A","A/A","G/G","G/G","G/G","A/A","A/A","A/A","A/A","A/A","A/A","A/A","A/A","A/A","A/A","A/A","A/A","A/A","A/A","A/A","A/A","A/A","-/-","A/A","A/A","-/-","A/A","A/A","A/A","A/A","A/A"
"135","PZA00193.2","4","197964459","T/T","T/T","T/T","T/T","C/T","C/T","T/T","C/T","T/T","T/T","T/T","C/T","T/T","T/T","C/T","T/T","C/C","T/T","C/C","T/T","T/T","T/T","T/T","T/T","T/T","C/T","T/T","T/T","T/T","C/T","C/T","T/T","C/T","T/T","T/T","T/T","C/T","T/T","T/T","T/T","-/-","T/T","T/T","T/T","T/T","T/T","C/T","T/T","T/T","T/T","T/T","-/-","T/T","C/T","T/T","T/T","T/T","T/T","T/T","T/T","T/T","T/T","T/T","T/T","T/T","T/T","T/T","C/T","T/T","T/T","T/T","T/T","T/T","T/T","T/T","T/T","-/-","T/T","T/T","T/T","T/T","T/T","T/T","T/T","C/T","T/T","-/-","T/T","-/-","-/-","T/T","T/T","C/T","T/T","T/T","T/T","T/T","C/T","T/T","T/T","C/T","T/T","C/T","T/T","T/T","C/T","-/-","T/T","T/T","T/T","C/T","-/-","T/T","T/T","T/T","T/T","T/T","T/T","T/T","T/T","C/C","T/T","T/T","T/T","C/T","T/T","T/T","C/T","T/T","C/T","T/T","T/T","T/T","T/T","T/T","T/T","T/T","T/T","C/T","C/T","T/T","C/T","C/T","C/T","T/T","C/T","T/T","C/T","C/C","C/C","T/T","T/T","T/T","C/T","T/T","T/T","T/T","C/C","C/C","C/T","C/T","T/T","T/T","T/T","T/T","C/T","C/C","C/T","C/T","C/T","T/T","T/T","T/T","C/C","C/T","C/C","C/C","T/T","C/T","C/T","T/T","C/T","C/T","C/C","C/C","C/C","T/T","T/T","C/T","C/T","C/C","T/T","T/T","T/T","T/T","T/T","T/T","T/T","T/T","T/T","T/T","T/T","T/T","T/T","T/T","T/T","T/T","T/T","T/T","T/T","C/T","T/T","T/T","T/T","T/T","T/T","C/T","C/C","T/T","C/T","C/T","T/T","T/T","C/T","T/T","T/T","T/T","T/T","T/T","T/T","T/T","T/T","T/T","T/T","T/T","T/T","T/T","T/T","T/T","T/T","T/T","T/T","T/T","T/T","T/T","T/T","T/T","C/T","C/C","T/T","C/T","-/-","T/T","T/T","T/T","T/T","T/T","C/T","T/T","C/T","T/T","C/T","T/T","C/T","T/T","T/T","T/T","T/T","T/T","T/T","T/T","T/T","T/T","-/-","T/T","T/T","T/T","T/T","T/T","T/T","T/T","C/T","T/T","C/T","T/T","T/T","T/T","T/T","T/T","T/T","C/T","-/-","T/T","C/T","C/T","T/T","T/T","T/T","T/T","T/T","T/T","T/T","T/T","C/C","T/T","C/T","T/T","T/T","T/T","T/T","C/T","C/T","T/T","T/T","T/T","T/T","T/T","T/T","T/T","T/T","-/-","T/T","T/T","C/T","T/T","T/T","T/T","T/T","T/T","T/T","T/T","T/T","T/T","T/T","T/T","T/T","T/T","T/T","-/-","T/T","C/T","T/T","T/T","T/T","T/T","T/T","T/T","T/T","T/T","T/T","T/T","T/T","T/T","T/T","T/T","T/T","T/T","T/T","T/T","T/T","T/T","-/-","T/T","T/T","T/T","T/T","T/T","T/T","T/T","T/T","T/T","T/T","T/T","T/T","T/T","T/T","T/T","T/T","T/T","T/T","T/T","T/T","T/T","T/T","T/T","C/T","T/T","T/T","T/T","C/T","C/T","T/T","T/T","T/T","T/T","T/T","C/T","T/T","T/T","T/T","T/T","T/T","T/T","C/T","T/T","C/T","T/T","T/T","T/T","T/T","T/T","T/T","T/T","T/T","T/T","T/T","T/T","T/T","T/T","C/T","T/T","T/T","T/T","T/T","T/T","T/T","T/T","T/T","T/T","T/T","T/T","T/T","T/T","T/T","T/T","T/T","T/T","C/T","T/T","T/T","T/T","T/T","T/T","T/T","T/T","T/T","T/T","T/T","T/T","T/T","T/T","T/T","T/T","T/T","T/T","T/T","T/T","T/T","T/T","T/T","T/T","T/T","T/T","T/T","T/T","C/T","-/-","T/T","T/T","T/T","T/T","T/T","T/T","T/T","T/T","T/T","T/T","T/T","T/T","T/T","T/T","T/T","T/T","T/T","T/T","C/T","T/T","T/T","T/T","T/T","T/T","T/T","C/T","T/T","T/T","T/T","T/T","T/T","T/T","T/T","T/T","T/T","T/T","T/T","C/T","T/T","T/T","C/T","T/T","T/T","T/T","T/T","T/T","T/T","T/T","T/T","T/T","T/T","T/T","T/T","T/T","T/T","T/T","T/T","T/T","T/T","T/T","T/T","T/T","T/T","T/T","T/T","T/T","T/T","T/T","-/-","T/T","T/T","T/T","T/T","T/T","T/T","T/T","T/T","T/T","T/T","T/T","T/T","T/T","T/T","T/T","C/T","T/T","-/-","T/T","T/T","T/T","T/T","T/T","T/T","T/T","T/T","T/T","T/T","T/T","T/T","T/T","T/T","T/T","T/T","T/T","T/T","T/T","T/T","T/T","T/T","T/T","T/T","C/C","C/C","T/T","T/T","T/T","T/T","T/T","T/T","C/T","T/T","C/T","T/T","C/T","T/T","T/T","T/T","T/T","-/-","T/T","C/T","C/T","T/T","T/T","T/T","T/T","T/T","T/T","C/T","T/T","T/T","T/T","C/T","T/T","T/T","T/T","T/T","T/T","T/T","-/-","T/T","C/T","T/T","T/T","C/C","T/T","T/T","T/T","-/-","-/-","C/C","T/T","T/T","T/T","T/T","C/T","T/T","T/T","T/T","T/T","C/T","T/T","C/T","T/T","T/T","T/T","T/T","T/T","-/-","T/T","T/T","T/T","T/T","T/T","T/T","-/-","T/T","-/-","T/T","T/T","T/T","C/T","C/T","T/T","T/T","T/T","T/T","T/T","T/T","C/T","T/T","T/T","T/T","T/T","T/T","T/T","C/T","T/T","T/T","T/T","T/T","C/C","C/T","T/T","T/T","T/T","T/T","C/T","T/T","T/T","T/T","T/T","T/T","T/T","T/T","T/T","T/T","T/T","T/T","T/T","T/T","T/T","T/T","T/T","T/T","C/T","T/T","T/T","T/T","T/T","T/T","T/T","T/T","T/T","T/T","T/T","C/C","T/T","C/T","T/T","T/T","T/T","T/T","T/T","T/T","T/T","T/T","C/T","T/T","T/T","-/-","T/T","T/T","T/T","T/T","T/T","T/T","C/C","T/T","T/T","T/T","T/T","T/T","C/C","T/T","T/T","T/T","T/T","T/T","-/-","T/T","T/T","T/T","T/T","T/T","T/T","T/T","C/T","T/T","T/T","T/T","T/T","T/T","T/T","T/T","T/T","T/T","T/T","T/T","T/T","T/T","T/T","T/T","-/-","T/T","T/T","C/T","-/-","T/T","T/T","T/T","T/T","T/T","T/T","T/T","T/T","T/T","T/T","T/T","T/T","C/T","T/T","T/T","T/T","C/T","T/T","T/T","T/T","T/T","T/T","T/T","T/T","T/T","C/T","C/T","T/T","T/T","C/C","C/C","T/T","T/T","T/T","T/T","T/T","C/T","-/-","T/T","C/T","T/T","T/T","T/T","T/T","C/T","C/T","T/T","C/T","C/T","C/T","C/T","T/T","T/T","T/T","T/T","T/T","-/-","C/T","C/T","T/T","-/-","T/T","T/T","T/T","T/T","T/T","T/T","T/T","T/T","T/T","T/T","-/-","T/T","C/C","T/T","T/T","T/T","C/T","T/T","T/T","C/T","T/T","-/-","-/-","T/T","T/T","T/T","T/T","T/T","C/C","T/T","T/T","T/T","T/T","C/T","-/-","C/T","C/C","T/T","T/T","T/T","T/T","T/T","T/T","C/T","T/T","T/T","C/T","T/T","T/T","T/T","T/T","T/T","T/T","T/T","T/T","T/T","T/T","T/T","T/T","C/T","T/T","T/T","T/T","C/T","C/T","T/T","T/T","T/T","T/T","T/T","T/T","T/T","T/T","T/T","T/T","T/T","T/T","T/T","T/T","T/T","T/T","T/T","T/T","T/T","T/T","T/T","T/T","T/T","T/T","T/T","T/T","T/T","T/T","T/T","T/T","T/T","T/T","T/T","C/C","C/C","C/C","T/T","T/T","T/T","T/T","T/T","T/T","T/T","C/C","-/-","T/T","T/T","T/T","T/T","T/T","C/C","C/C","C/C","C/C","T/T","T/T","T/T","T/T","T/T","T/T","T/T","C/C","C/C","C/C","T/T","T/T","T/T","T/T","T/T","T/T","T/T","T/T","T/T","T/T"
"228","PZA00332.9","4","194749371","G/G","G/G","A/G","G/G","G/G","G/G","G/G","G/G","G/G","G/G","G/G","A/G","A/G","G/G","G/G","G/G","-/-","A/G","G/G","G/G","-/-","G/G","G/G","G/G","A/G","G/G","G/G","G/G","G/G","A/G","A/G","G/G","G/G","G/G","G/G","G/G","G/G","A/A","A/G","G/G","G/G","A/A","G/G","A/G","A/G","A/G","G/G","A/A","A/G","G/G","A/G","A/G","G/G","G/G","G/G","G/G","G/G","G/G","A/G","A/G","A/G","G/G","G/G","G/G","A/G","G/G","A/A","-/-","G/G","A/A","G/G","G/G","A/G","G/G","G/G","G/G","G/G","A/G","A/G","-/-","A/G","A/G","A/G","-/-","A/A","G/G","G/G","A/A","A/G","G/G","G/G","G/G","G/G","G/G","G/G","G/G","G/G","A/A","G/G","G/G","A/G","G/G","G/G","A/G","G/G","A/G","G/G","G/G","G/G","-/-","A/G","A/G","G/G","G/G","G/G","A/G","G/G","G/G","G/G","G/G","G/G","G/G","G/G","A/A","G/G","A/G","-/-","G/G","G/G","G/G","G/G","G/G","G/G","G/G","G/G","G/G","G/G","G/G","G/G","G/G","G/G","G/G","-/-","G/G","G/G","-/-","G/G","G/G","G/G","G/G","G/G","A/G","G/G","G/G","G/G","G/G","G/G","G/G","G/G","G/G","A/G","G/G","A/G","G/G","G/G","A/G","G/G","G/G","G/G","A/G","G/G","G/G","G/G","G/G","G/G","G/G","G/G","A/G","A/G","A/G","G/G","G/G","A/G","G/G","-/-","A/G","G/G","G/G","G/G","A/G","G/G","G/G","A/G","G/G","G/G","A/G","G/G","A/G","G/G","G/G","G/G","-/-","G/G","G/G","G/G","G/G","G/G","A/G","G/G","G/G","A/G","A/A","G/G","G/G","G/G","G/G","A/A","A/A","G/G","G/G","G/G","G/G","A/G","G/G","G/G","A/G","G/G","A/A","G/G","G/G","G/G","G/G","G/G","G/G","G/G","G/G","G/G","A/G","G/G","G/G","G/G","G/G","G/G","-/-","G/G","-/-","G/G","-/-","A/G","G/G","G/G","G/G","G/G","G/G","G/G","G/G","G/G","G/G","G/G","G/G","G/G","A/G","G/G","G/G","G/G","G/G","G/G","G/G","A/G","G/G","G/G","G/G","G/G","G/G","G/G","A/G","G/G","G/G","G/G","G/G","G/G","G/G","G/G","G/G","G/G","G/G","G/G","G/G","G/G","A/G","G/G","G/G","G/G","G/G","G/G","-/-","A/G","G/G","G/G","G/G","G/G","A/G","-/-","G/G","G/G","A/G","A/G","G/G","G/G","G/G","A/G","G/G","G/G","G/G","G/G","G/G","G/G","G/G","G/G","G/G","-/-","G/G","G/G","G/G","G/G","G/G","G/G","G/G","G/G","G/G","G/G","G/G","G/G","G/G","G/G","G/G","G/G","G/G","A/G","G/G","G/G","G/G","G/G","G/G","-/-","G/G","-/-","G/G","G/G","A/G","G/G","-/-","G/G","G/G","G/G","G/G","G/G","G/G","G/G","-/-","G/G","G/G","G/G","G/G","G/G","G/G","G/G","G/G","G/G","G/G","G/G","G/G","G/G","G/G","G/G","G/G","G/G","G/G","A/G","G/G","G/G","G/G","G/G","G/G","G/G","G/G","G/G","G/G","G/G","G/G","G/G","G/G","G/G","G/G","G/G","G/G","G/G","G/G","G/G","G/G","G/G","G/G","G/G","G/G","G/G","G/G","A/G","G/G","G/G","G/G","G/G","G/G","G/G","-/-","G/G","-/-","G/G","G/G","G/G","G/G","G/G","A/G","G/G","G/G","G/G","G/G","A/G","G/G","G/G","G/G","G/G","G/G","G/G","G/G","G/G","G/G","G/G","G/G","G/G","G/G","G/G","G/G","A/G","-/-","G/G","G/G","G/G","A/G","G/G","G/G","G/G","G/G","G/G","G/G","G/G","G/G","A/G","G/G","G/G","G/G","G/G","G/G","G/G","G/G","G/G","G/G","A/G","G/G","G/G","G/G","G/G","G/G","G/G","A/G","A/G","G/G","G/G","G/G","G/G","G/G","G/G","G/G","G/G","G/G","G/G","-/-","A/G","G/G","A/G","G/G","A/G","A/G","A/A","G/G","-/-","G/G","-/-","G/G","G/G","G/G","A/G","G/G","G/G","A/G","G/G","A/G","G/G","G/G","G/G","A/G","G/G","G/G","G/G","A/G","G/G","G/G","G/G","A/G","G/G","G/G","G/G","G/G","G/G","G/G","G/G","G/G","G/G","G/G","G/G","G/G","G/G","G/G","G/G","G/G","G/G","G/G","G/G","G/G","G/G","G/G","G/G","G/G","G/G","A/G","G/G","G/G","G/G","G/G","G/G","G/G","G/G","G/G","G/G","G/G","G/G","G/G","G/G","G/G","G/G","G/G","G/G","G/G","G/G","G/G","G/G","G/G","G/G","G/G","G/G","G/G","G/G","G/G","G/G","G/G","G/G","G/G","G/G","G/G","G/G","G/G","G/G","G/G","G/G","G/G","G/G","G/G","G/G","G/G","A/G","G/G","G/G","G/G","G/G","G/G","G/G","G/G","G/G","G/G","-/-","G/G","G/G","G/G","G/G","G/G","G/G","A/G","G/G","A/G","G/G","G/G","G/G","G/G","G/G","G/G","G/G","G/G","G/G","A/G","A/G","G/G","G/G","G/G","G/G","G/G","G/G","G/G","G/G","G/G","G/G","G/G","G/G","G/G","G/G","G/G","G/G","G/G","G/G","G/G","G/G","G/G","G/G","G/G","G/G","G/G","A/A","G/G","G/G","G/G","G/G","G/G","A/G","G/G","G/G","G/G","G/G","G/G","A/G","G/G","G/G","G/G","G/G","G/G","G/G","G/G","G/G","G/G","G/G","G/G","G/G","G/G","A/G","A/G","G/G","G/G","A/G","A/A","A/A","-/-","G/G","G/G","G/G","G/G","G/G","G/G","G/G","A/G","G/G","G/G","G/G","G/G","G/G","A/G","G/G","G/G","G/G","G/G","G/G","G/G","G/G","A/G","A/G","G/G","G/G","G/G","G/G","G/G","A/G","-/-","G/G","G/G","G/G","G/G","G/G","G/G","G/G","G/G","G/G","G/G","G/G","G/G","G/G","G/G","G/G","G/G","G/G","G/G","G/G","G/G","G/G","G/G","A/G","G/G","G/G","G/G","G/G","G/G","G/G","G/G","G/G","G/G","G/G","G/G","A/G","A/G","G/G","G/G","G/G","G/G","G/G","G/G","G/G","G/G","G/G","A/G","G/G","G/G","G/G","G/G","G/G","G/G","G/G","G/G","G/G","G/G","G/G","A/G","G/G","G/G","A/G","G/G","G/G","G/G","G/G","G/G","A/G","G/G","G/G","G/G","A/G","G/G","G/G","G/G","G/G","G/G","G/G","G/G","G/G","G/G","G/G","G/G","G/G","G/G","G/G","G/G","G/G","G/G","G/G","G/G","G/G","G/G","G/G","G/G","G/G","G/G","G/G","G/G","G/G","G/G","G/G","G/G","G/G","G/G","G/G","G/G","G/G","G/G","G/G","G/G","G/G","G/G","G/G","G/G","G/G","G/G","A/G","A/G","G/G","G/G","G/G","G/G","A/G","G/G","G/G","G/G","G/G","G/G","G/G","A/G","G/G","G/G","G/G","G/G","A/G","G/G","G/G","G/G","G/G","G/G","G/G","G/G","A/G","G/G","G/G","G/G","G/G","A/G","G/G","G/G","G/G","G/G","G/G","G/G","G/G","A/A","G/G","G/G","G/G","G/G","G/G","A/G","-/-","G/G","G/G","G/G","G/G","G/G","G/G","G/G","G/G","G/G","G/G","G/G","G/G","G/G","G/G","G/G","G/G","G/G","G/G","G/G","G/G","G/G","G/G","G/G","G/G","G/G","G/G","G/G","G/G","G/G","G/G","G/G","G/G","G/G","A/A","G/G","G/G","G/G","G/G","A/G","A/G","G/G","G/G","A/A","G/G","G/G","A/A","A/G","G/G","A/G","G/G","G/G","G/G","G/G","G/G","G/G","G/G","G/G","G/G","G/G","G/G","G/G","G/G","G/G","G/G","G/G","G/G","G/G","A/A","G/G","G/G","G/G","G/G","G/G","A/A","A/A","G/G","G/G","G/G","G/G","G/G","G/G","G/G","G/G","G/G","G/G","G/G","G/G","G/G","G/G","G/G","G/G","G/G","G/G","G/G","G/G","G/G","G/G","G/G","G/G","G/G","G/G","A/A","-/-","A/A"
"227","PZA00332.8","4","194749351","C/T","T/T","C/C","T/T","C/C","C/T","T/T","C/T","T/T","C/C","T/T","C/T","C/T","C/T","T/T","T/T","T/T","C/T","C/T","C/C","C/C","C/T","C/C","C/T","C/T","C/T","T/T","-/-","T/T","-/-","C/T","T/T","T/T","-/-","T/T","T/T","T/T","C/C","C/T","T/T","T/T","C/C","T/T","C/T","C/T","C/T","T/T","C/C","C/T","C/C","C/C","-/-","T/T","T/T","T/T","T/T","T/T","T/T","C/T","C/T","-/-","T/T","T/T","C/T","C/T","T/T","C/C","C/T","T/T","C/C","C/T","C/T","C/T","C/T","C/C","T/T","C/C","C/T","C/C","C/T","C/C","C/T","C/T","C/T","C/C","-/-","C/C","C/C","C/T","C/T","C/T","-/-","C/T","T/T","T/T","C/T","C/T","C/C","-/-","T/T","-/-","T/T","T/T","C/C","C/C","C/C","T/T","C/T","T/T","C/C","-/-","C/C","C/T","C/C","T/T","C/C","C/C","C/T","C/T","C/C","C/C","C/C","C/C","C/C","-/-","C/C","C/C","C/C","C/T","C/C","T/T","C/C","C/C","T/T","C/C","C/T","C/C","C/C","C/C","C/T","C/C","C/C","C/C","T/T","T/T","C/T","C/T","C/T","T/T","T/T","T/T","C/C","C/C","C/T","C/C","C/C","C/C","C/C","C/C","C/C","C/C","C/T","C/T","T/T","C/C","C/C","C/T","C/T","T/T","C/T","T/T","T/T","T/T","T/T","-/-","T/T","T/T","C/T","C/T","C/T","C/C","C/C","C/T","T/T","C/T","C/T","T/T","T/T","T/T","C/T","T/T","C/T","C/C","T/T","T/T","C/T","T/T","-/-","T/T","C/T","T/T","T/T","T/T","T/T","T/T","T/T","C/T","C/T","T/T","T/T","C/T","C/C","T/T","T/T","-/-","T/T","C/C","C/C","T/T","C/T","C/C","C/T","C/T","T/T","-/-","C/T","T/T","C/C","C/T","T/T","C/T","T/T","T/T","C/C","C/T","-/-","T/T","C/C","T/T","C/C","-/-","T/T","T/T","C/T","T/T","C/C","T/T","T/T","C/T","T/T","T/T","C/T","C/C","C/T","T/T","C/T","C/C","C/C","T/T","T/T","-/-","C/T","T/T","T/T","C/T","T/T","C/T","C/C","C/T","T/T","C/T","C/C","T/T","C/T","T/T","C/C","T/T","C/T","T/T","T/T","C/C","T/T","C/T","T/T","T/T","C/T","T/T","T/T","T/T","C/C","C/T","T/T","T/T","T/T","C/T","C/T","C/T","C/C","C/T","C/T","T/T","C/C","-/-","C/T","C/C","C/T","C/C","T/T","C/T","C/C","-/-","T/T","C/T","T/T","T/T","C/T","C/T","C/T","T/T","C/T","T/T","C/T","T/T","C/T","-/-","-/-","T/T","C/T","-/-","T/T","-/-","C/T","C/C","C/T","C/T","C/T","C/T","C/T","C/C","C/T","C/T","C/T","C/T","C/T","C/T","C/C","C/C","C/T","C/T","-/-","C/T","C/T","T/T","C/T","C/C","C/T","T/T","C/T","T/T","T/T","C/T","T/T","C/T","T/T","C/T","T/T","C/C","C/C","C/T","T/T","T/T","T/T","T/T","C/T","T/T","T/T","C/T","T/T","C/T","C/C","-/-","C/T","C/C","C/T","T/T","T/T","T/T","T/T","C/T","C/C","C/C","C/T","T/T","T/T","T/T","-/-","C/C","T/T","-/-","C/C","T/T","-/-","C/T","T/T","C/T","C/T","C/T","T/T","T/T","T/T","T/T","C/T","T/T","C/C","T/T","C/T","C/T","T/T","T/T","T/T","C/C","C/C","T/T","-/-","T/T","T/T","C/T","T/T","T/T","T/T","T/T","-/-","C/C","T/T","T/T","T/T","-/-","T/T","T/T","T/T","T/T","T/T","C/T","T/T","C/C","T/T","T/T","C/T","C/T","T/T","C/T","T/T","T/T","C/C","C/T","T/T","C/T","-/-","-/-","T/T","C/T","C/C","T/T","C/C","T/T","C/T","C/T","T/T","C/T","T/T","T/T","T/T","T/T","C/T","C/T","C/C","C/T","C/T","T/T","C/C","C/T","C/T","C/T","C/T","T/T","C/C","C/T","T/T","C/T","C/T","C/C","C/C","C/C","C/T","C/T","C/C","C/T","C/C","C/T","C/T","C/C","T/T","C/T","C/C","C/C","C/C","C/C","T/T","C/C","C/T","T/T","C/C","C/T","C/C","C/T","C/T","C/C","C/T","T/T","C/C","C/T","T/T","T/T","T/T","C/T","C/C","T/T","C/C","T/T","C/C","T/T","C/T","T/T","T/T","T/T","T/T","T/T","T/T","T/T","T/T","T/T","T/T","C/C","C/T","-/-","T/T","T/T","-/-","C/C","T/T","T/T","C/C","T/T","C/C","-/-","C/C","T/T","C/C","T/T","T/T","T/T","C/T","C/C","C/C","C/T","-/-","C/T","-/-","T/T","-/-","T/T","C/C","C/T","C/C","C/T","-/-","T/T","C/T","T/T","C/T","C/C","C/T","T/T","T/T","C/T","T/T","T/T","T/T","C/T","T/T","C/C","C/C","T/T","T/T","T/T","T/T","T/T","C/T","C/T","C/T","T/T","C/C","-/-","C/C","C/T","C/T","C/T","C/T","T/T","T/T","T/T","T/T","T/T","C/T","C/C","T/T","T/T","C/C","-/-","C/C","T/T","C/T","C/T","T/T","T/T","C/T","T/T","T/T","T/T","T/T","T/T","C/T","T/T","C/T","T/T","-/-","T/T","T/T","T/T","T/T","-/-","C/T","T/T","T/T","C/C","C/C","T/T","T/T","-/-","C/T","-/-","T/T","T/T","T/T","C/T","-/-","C/C","C/C","T/T","T/T","C/C","C/T","T/T","C/T","T/T","C/T","C/T","-/-","C/T","C/C","-/-","C/T","C/C","T/T","C/C","C/C","C/C","C/C","C/T","C/T","T/T","C/C","C/C","C/T","C/C","C/C","C/C","C/T","C/T","C/C","C/C","C/C","T/T","C/C","-/-","C/C","-/-","C/C","C/C","C/C","C/T","C/T","C/C","C/C","T/T","T/T","C/T","C/C","C/T","C/T","T/T","T/T","T/T","T/T","C/T","T/T","-/-","C/C","T/T","C/T","T/T","C/T","T/T","C/T","T/T","T/T","C/T","C/T","T/T","T/T","C/C","C/T","T/T","T/T","C/T","T/T","C/C","T/T","C/T","C/T","T/T","C/T","C/T","C/T","C/T","C/T","T/T","C/T","C/T","C/T","T/T","C/T","C/T","C/T","C/T","T/T","T/T","C/T","T/T","T/T","C/C","T/T","T/T","C/T","T/T","C/T","C/T","T/T","C/T","T/T","T/T","T/T","C/T","T/T","C/T","T/T","T/T","-/-","C/T","T/T","C/T","T/T","T/T","T/T","-/-","T/T","C/T","C/T","C/T","T/T","C/T","T/T","T/T","T/T","T/T","T/T","C/T","-/-","T/T","T/T","T/T","T/T","T/T","C/T","T/T","C/T","C/T","C/C","T/T","T/T","C/T","T/T","C/T","C/C","T/T","T/T","C/T","C/C","C/T","T/T","C/T","C/C","T/T","C/T","C/C","T/T","C/T","T/T","T/T","C/C","C/C","T/T","T/T","C/T","C/T","C/T","T/T","C/C","C/T","C/T","C/T","C/C","C/C","C/C","T/T","-/-","C/T","C/C","-/-","C/T","C/C","C/T","T/T","T/T","C/T","C/T","C/C","T/T","C/T","C/T","C/T","C/T","C/T","C/C","C/C","T/T","T/T","C/T","-/-","-/-","C/T","C/T","C/T","T/T","-/-","T/T","T/T","T/T","T/T","T/T","T/T","T/T","T/T","T/T","T/T","C/T","C/T","-/-","T/T","C/T","T/T","T/T","T/T","T/T","T/T","T/T","T/T","-/-","-/-","T/T","C/C","T/T","T/T","C/C","C/C","C/T","C/T","C/C","C/C","C/C","C/C","T/T","C/C","C/C","C/C","T/T","C/C","C/C","C/C","C/C","C/C","C/C","C/C","C/C","C/C","C/C","C/C","C/C","C/C","C/C","C/C","C/C","C/C","C/C","C/C","C/C","C/C","T/T","C/C","C/C","C/C","C/C","C/C","C/C","C/C","C/C","T/T","T/T","T/T","T/T","T/T","C/C","C/C","C/C","C/C","T/T","T/T","T/T","T/T","T/T","T/T","T/T","-/-","C/C","C/C","C/C","C/C","C/C","C/C","C/C","T/T","T/T","C/C","C/C","C/C"
"505","PZA01240.1","4","19461458","G/G","A/G","G/G","G/G","G/G","G/G","G/G","G/G","G/G","G/G","G/G","G/G","G/G","G/G","G/G","G/G","A/G","G/G","G/G","G/G","G/G","G/G","G/G","G/G","G/G","G/G","G/G","G/G","G/G","G/G","G/G","A/G","G/G","G/G","A/G","G/G","G/G","G/G","A/G","G/G","G/G","G/G","G/G","G/G","A/G","G/G","G/G","G/G","G/G","G/G","G/G","G/G","G/G","G/G","G/G","G/G","G/G","G/G","G/G","G/G","G/G","G/G","G/G","G/G","G/G","G/G","G/G","G/G","G/G","A/G","A/G","G/G","G/G","G/G","G/G","G/G","G/G","G/G","G/G","G/G","G/G","G/G","G/G","G/G","G/G","G/G","G/G","A/G","G/G","A/G","G/G","A/G","A/G","A/G","A/A","A/G","A/A","A/G","A/G","G/G","-/-","A/G","G/G","A/G","G/G","G/G","A/A","G/G","G/G","G/G","A/A","A/G","G/G","A/G","A/A","G/G","G/G","G/G","G/G","G/G","G/G","G/G","G/G","A/G","G/G","G/G","G/G","G/G","G/G","G/G","G/G","G/G","G/G","G/G","G/G","G/G","G/G","G/G","G/G","G/G","G/G","G/G","G/G","G/G","G/G","G/G","G/G","G/G","G/G","G/G","G/G","G/G","A/A","G/G","G/G","G/G","G/G","G/G","G/G","G/G","G/G","G/G","G/G","G/G","G/G","G/G","G/G","G/G","G/G","G/G","G/G","G/G","G/G","G/G","G/G","G/G","G/G","G/G","G/G","G/G","G/G","G/G","G/G","A/G","G/G","G/G","G/G","G/G","G/G","G/G","G/G","G/G","G/G","G/G","G/G","G/G","G/G","G/G","G/G","G/G","G/G","G/G","G/G","G/G","G/G","G/G","G/G","G/G","G/G","G/G","G/G","G/G","G/G","G/G","G/G","G/G","G/G","G/G","G/G","G/G","G/G","G/G","G/G","G/G","G/G","G/G","G/G","G/G","G/G","G/G","G/G","G/G","G/G","G/G","G/G","G/G","G/G","G/G","G/G","G/G","G/G","G/G","G/G","G/G","G/G","G/G","G/G","G/G","G/G","G/G","G/G","G/G","G/G","G/G","G/G","G/G","G/G","G/G","G/G","G/G","G/G","G/G","G/G","G/G","G/G","G/G","G/G","G/G","G/G","G/G","G/G","G/G","G/G","-/-","G/G","G/G","G/G","G/G","G/G","G/G","G/G","G/G","G/G","G/G","G/G","G/G","G/G","G/G","G/G","G/G","G/G","G/G","G/G","G/G","G/G","G/G","G/G","G/G","G/G","G/G","G/G","G/G","G/G","G/G","G/G","G/G","G/G","G/G","-/-","G/G","G/G","G/G","G/G","G/G","G/G","G/G","G/G","G/G","G/G","G/G","G/G","G/G","G/G","G/G","G/G","G/G","G/G","G/G","G/G","G/G","G/G","A/G","G/G","G/G","G/G","A/G","A/A","G/G","G/G","A/G","G/G","A/G","G/G","A/G","G/G","G/G","G/G","G/G","A/A","G/G","G/G","A/A","A/G","G/G","G/G","A/G","G/G","G/G","G/G","G/G","G/G","-/-","G/G","G/G","G/G","G/G","G/G","G/G","G/G","G/G","G/G","G/G","G/G","G/G","G/G","G/G","A/G","G/G","G/G","G/G","G/G","G/G","G/G","G/G","G/G","G/G","G/G","G/G","G/G","G/G","G/G","G/G","G/G","G/G","G/G","G/G","G/G","G/G","G/G","G/G","G/G","G/G","G/G","G/G","G/G","G/G","G/G","G/G","G/G","G/G","G/G","G/G","G/G","G/G","G/G","G/G","G/G","G/G","G/G","G/G","G/G","G/G","G/G","G/G","G/G","G/G","G/G","G/G","G/G","G/G","G/G","G/G","G/G","G/G","G/G","G/G","G/G","G/G","G/G","G/G","G/G","G/G","G/G","G/G","G/G","G/G","G/G","G/G","G/G","G/G","G/G","G/G","G/G","G/G","G/G","G/G","G/G","G/G","G/G","G/G","G/G","G/G","G/G","G/G","G/G","G/G","-/-","G/G","-/-","G/G","G/G","G/G","G/G","G/G","G/G","G/G","G/G","G/G","G/G","G/G","G/G","G/G","G/G","G/G","G/G","G/G","G/G","G/G","G/G","G/G","G/G","G/G","G/G","G/G","G/G","G/G","G/G","G/G","G/G","G/G","G/G","G/G","G/G","G/G","G/G","G/G","G/G","G/G","G/G","G/G","G/G","G/G","G/G","G/G","G/G","G/G","G/G","G/G","G/G","G/G","G/G","G/G","G/G","G/G","G/G","G/G","G/G","G/G","G/G","G/G","G/G","G/G","G/G","G/G","G/G","G/G","G/G","G/G","A/G","G/G","G/G","G/G","G/G","G/G","G/G","G/G","G/G","G/G","G/G","G/G","G/G","G/G","G/G","G/G","G/G","G/G","G/G","G/G","G/G","G/G","G/G","G/G","G/G","G/G","G/G","G/G","G/G","G/G","G/G","G/G","G/G","G/G","G/G","G/G","G/G","G/G","G/G","G/G","G/G","G/G","G/G","G/G","G/G","G/G","G/G","G/G","G/G","G/G","G/G","G/G","G/G","A/G","G/G","G/G","G/G","G/G","G/G","G/G","G/G","G/G","G/G","G/G","G/G","G/G","G/G","G/G","G/G","G/G","G/G","G/G","G/G","A/G","G/G","G/G","G/G","G/G","G/G","G/G","G/G","G/G","G/G","G/G","G/G","G/G","G/G","G/G","G/G","G/G","G/G","G/G","G/G","G/G","G/G","G/G","G/G","G/G","G/G","G/G","G/G","G/G","G/G","G/G","G/G","G/G","G/G","G/G","G/G","G/G","G/G","G/G","G/G","G/G","G/G","G/G","G/G","G/G","G/G","G/G","G/G","G/G","G/G","G/G","A/G","G/G","G/G","G/G","G/G","G/G","A/G","G/G","G/G","G/G","G/G","G/G","G/G","G/G","G/G","G/G","G/G","G/G","G/G","G/G","G/G","G/G","G/G","G/G","G/G","G/G","G/G","G/G","G/G","G/G","G/G","G/G","G/G","G/G","G/G","G/G","G/G","G/G","G/G","G/G","G/G","G/G","G/G","G/G","G/G","G/G","G/G","G/G","G/G","G/G","G/G","G/G","G/G","G/G","G/G","G/G","G/G","G/G","G/G","G/G","-/-","G/G","G/G","G/G","G/G","G/G","G/G","G/G","G/G","G/G","G/G","G/G","G/G","G/G","G/G","G/G","G/G","G/G","G/G","G/G","G/G","G/G","G/G","G/G","G/G","G/G","G/G","G/G","G/G","G/G","G/G","G/G","G/G","G/G","G/G","G/G","G/G","G/G","G/G","G/G","G/G","G/G","G/G","G/G","G/G","G/G","G/G","A/G","G/G","G/G","G/G","G/G","G/G","G/G","G/G","G/G","G/G","G/G","G/G","G/G","A/G","G/G","G/G","G/G","G/G","G/G","G/G","G/G","G/G","G/G","G/G","G/G","G/G","G/G","G/G","G/G","G/G","G/G","G/G","G/G","G/G","G/G","G/G","G/G","G/G","G/G","G/G","G/G","G/G","G/G","G/G","G/G","G/G","G/G","G/G","G/G","G/G","G/G","G/G","G/G","G/G","G/G","G/G","G/G","G/G","G/G","G/G","G/G","G/G","G/G","G/G","G/G","G/G","G/G","G/G","G/G","G/G","G/G","G/G","G/G","G/G","G/G","G/G","G/G","G/G","G/G","G/G","G/G","G/G","G/G","G/G","G/G","G/G","G/G","G/G","-/-","G/G","G/G","G/G","G/G","G/G","G/G","G/G","G/G","G/G","G/G","G/G","G/G","G/G","G/G","G/G","G/G","G/G","G/G","G/G","G/G","G/G","G/G","G/G","G/G","G/G","G/G","G/G","G/G","G/G","G/G","G/G","G/G","G/G","G/G","G/G","G/G","G/G","G/G","G/G","G/G","G/G","G/G","G/G","G/G","G/G","G/G","G/G","G/G","G/G","G/G","G/G","G/G","G/G","G/G","G/G","G/G","G/G","G/G","G/G","G/G","G/G","G/G","G/G","G/G","G/G","G/G","G/G","G/G","A/G","G/G","G/G","G/G","G/G","G/G","G/G","G/G","G/G","G/G","G/G","G/G","G/G","G/G","G/G","G/G","A/A","-/-","G/G","G/G","G/G","G/G","G/G","G/G","G/G","G/G","G/G","G/G","G/G","G/G","G/G","G/G","A/A","G/G","G/G","G/G","G/G","G/G","G/G","G/G","G/G","G/G","G/G","G/G","G/G","G/G","G/G","G/G","G/G"
"506","PZA01240.2","4","19461323","G/G","A/G","G/G","G/G","G/G","-/-","-/-","G/G","G/G","G/G","A/G","G/G","G/G","G/G","A/G","G/G","-/-","A/A","-/-","A/A","A/G","A/G","A/A","A/G","A/A","A/A","A/G","A/G","G/G","A/G","G/G","A/G","G/G","G/G","G/G","G/G","A/G","A/G","G/G","-/-","A/G","G/G","G/G","A/A","G/G","A/A","G/G","-/-","A/G","G/G","G/G","A/A","G/G","G/G","G/G","A/G","A/G","G/G","G/G","A/G","G/G","A/A","G/G","A/A","A/G","G/G","A/G","A/G","-/-","-/-","G/G","A/G","G/G","G/G","A/G","G/G","G/G","G/G","A/G","G/G","A/G","G/G","A/A","A/A","A/A","G/G","G/G","G/G","G/G","G/G","G/G","G/G","G/G","G/G","G/G","G/G","G/G","G/G","-/-","G/G","G/G","G/G","A/A","G/G","G/G","G/G","G/G","G/G","G/G","A/G","-/-","G/G","G/G","G/G","G/G","G/G","-/-","G/G","G/G","G/G","G/G","G/G","G/G","A/G","G/G","-/-","G/G","G/G","G/G","G/G","G/G","G/G","G/G","G/G","G/G","G/G","G/G","G/G","G/G","G/G","G/G","-/-","G/G","G/G","-/-","G/G","A/G","G/G","G/G","G/G","A/A","-/-","G/G","G/G","G/G","G/G","G/G","G/G","G/G","G/G","G/G","G/G","G/G","G/G","A/G","-/-","-/-","-/-","G/G","G/G","A/G","A/G","A/G","A/G","G/G","G/G","G/G","G/G","G/G","G/G","G/G","G/G","G/G","G/G","G/G","G/G","G/G","G/G","G/G","G/G","G/G","G/G","G/G","G/G","A/G","G/G","G/G","G/G","G/G","G/G","G/G","A/G","G/G","G/G","G/G","A/A","A/G","A/G","G/G","G/G","G/G","G/G","G/G","A/G","A/G","A/A","G/G","G/G","G/G","G/G","G/G","A/G","A/A","A/G","A/G","G/G","G/G","A/G","-/-","G/G","A/G","G/G","G/G","G/G","G/G","G/G","-/-","G/G","G/G","A/G","A/G","G/G","G/G","A/G","G/G","G/G","G/G","A/G","-/-","G/G","G/G","A/G","G/G","G/G","-/-","-/-","G/G","G/G","A/G","A/G","G/G","G/G","G/G","G/G","A/G","A/A","G/G","G/G","G/G","G/G","G/G","G/G","G/G","G/G","G/G","G/G","G/G","-/-","G/G","G/G","-/-","A/G","G/G","G/G","G/G","A/G","G/G","G/G","G/G","G/G","G/G","G/G","G/G","-/-","G/G","-/-","-/-","G/G","G/G","-/-","G/G","A/G","G/G","A/G","G/G","G/G","A/G","A/G","G/G","G/G","G/G","A/G","G/G","A/G","G/G","G/G","-/-","-/-","A/A","G/G","G/G","-/-","G/G","A/G","G/G","A/G","A/G","A/G","G/G","G/G","G/G","G/G","A/G","G/G","A/G","A/G","G/G","-/-","G/G","A/G","-/-","G/G","A/G","G/G","G/G","G/G","A/G","G/G","G/G","A/A","A/G","G/G","A/G","A/G","A/G","G/G","G/G","A/G","G/G","-/-","A/G","G/G","G/G","G/G","G/G","G/G","-/-","-/-","G/G","-/-","G/G","G/G","A/G","G/G","A/G","A/G","G/G","A/G","G/G","A/G","G/G","A/G","A/G","G/G","A/G","G/G","-/-","G/G","A/G","G/G","A/G","A/G","A/G","G/G","A/G","A/G","G/G","A/G","G/G","A/G","G/G","G/G","G/G","A/G","-/-","-/-","G/G","G/G","G/G","A/G","A/G","G/G","G/G","A/G","A/G","-/-","G/G","A/G","G/G","A/G","A/G","G/G","A/A","G/G","A/A","G/G","A/G","G/G","G/G","A/G","G/G","A/G","-/-","G/G","G/G","-/-","G/G","-/-","G/G","A/G","G/G","G/G","G/G","-/-","G/G","G/G","A/G","A/G","G/G","G/G","A/G","A/A","A/A","A/G","G/G","A/G","G/G","G/G","G/G","G/G","-/-","A/G","G/G","G/G","-/-","G/G","G/G","A/G","G/G","A/G","A/G","A/G","A/G","G/G","G/G","A/G","G/G","G/G","G/G","A/G","A/G","A/A","A/G","G/G","G/G","A/G","A/G","-/-","A/G","G/G","-/-","A/G","G/G","G/G","G/G","G/G","-/-","-/-","G/G","G/G","G/G","A/G","G/G","A/G","G/G","G/G","G/G","G/G","G/G","G/G","G/G","A/G","G/G","G/G","A/G","-/-","G/G","G/G","-/-","G/G","G/G","G/G","G/G","G/G","A/G","G/G","G/G","A/G","A/G","G/G","A/A","-/-","-/-","-/-","-/-","A/G","A/G","G/G","G/G","G/G","G/G","G/G","A/G","G/G","G/G","G/G","G/G","A/G","G/G","A/G","-/-","G/G","G/G","G/G","G/G","A/G","A/G","G/G","A/G","G/G","-/-","A/G","A/G","G/G","A/A","A/G","G/G","G/G","A/A","A/A","A/G","A/G","G/G","A/A","G/G","A/G","A/A","A/G","G/G","G/G","-/-","A/A","G/G","G/G","-/-","G/G","A/G","G/G","A/G","G/G","G/G","G/G","G/G","G/G","G/G","G/G","G/G","A/G","G/G","G/G","G/G","G/G","G/G","A/G","G/G","G/G","G/G","G/G","A/G","G/G","G/G","G/G","G/G","G/G","G/G","A/G","G/G","-/-","G/G","G/G","-/-","G/G","G/G","A/G","G/G","-/-","G/G","G/G","-/-","-/-","G/G","G/G","G/G","G/G","G/G","A/G","G/G","G/G","G/G","A/G","G/G","-/-","G/G","G/G","A/G","G/G","A/G","A/G","A/G","A/G","A/G","G/G","G/G","G/G","G/G","G/G","G/G","G/G","A/G","G/G","G/G","G/G","G/G","G/G","G/G","G/G","G/G","G/G","A/G","G/G","G/G","A/G","A/A","A/A","G/G","A/G","G/G","A/G","G/G","G/G","-/-","A/G","G/G","A/G","G/G","A/G","A/G","G/G","G/G","-/-","G/G","A/A","G/G","G/G","G/G","G/G","G/G","A/G","G/G","G/G","G/G","A/G","A/G","G/G","G/G","A/G","G/G","G/G","A/A","G/G","G/G","G/G","-/-","G/G","-/-","G/G","A/G","A/G","-/-","G/G","A/G","G/G","G/G","G/G","G/G","G/G","G/G","-/-","G/G","G/G","A/G","G/G","G/G","G/G","-/-","A/G","A/G","G/G","G/G","-/-","G/G","-/-","G/G","G/G","A/G","G/G","G/G","G/G","A/G","G/G","G/G","A/G","A/G","A/G","G/G","A/G","G/G","G/G","G/G","G/G","G/G","-/-","G/G","G/G","G/G","G/G","A/G","G/G","G/G","G/G","G/G","G/G","G/G","G/G","G/G","A/G","G/G","A/G","G/G","A/A","G/G","G/G","G/G","G/G","G/G","G/G","G/G","G/G","A/G","G/G","G/G","G/G","G/G","A/G","G/G","G/G","G/G","A/A","G/G","-/-","G/G","A/G","A/A","G/G","A/A","A/G","-/-","-/-","G/G","G/G","A/G","-/-","-/-","G/G","A/A","A/G","G/G","G/G","A/G","A/G","A/G","A/G","G/G","G/G","A/A","G/G","-/-","G/G","G/G","G/G","-/-","G/G","G/G","G/G","A/G","G/G","A/G","G/G","A/G","G/G","G/G","G/G","G/G","G/G","G/G","G/G","G/G","G/G","G/G","G/G","G/G","A/G","G/G","A/G","-/-","A/G","G/G","-/-","-/-","G/G","A/G","G/G","G/G","G/G","G/G","G/G","G/G","G/G","G/G","G/G","G/G","G/G","G/G","G/G","-/-","G/G","G/G","G/G","G/G","G/G","G/G","G/G","G/G","G/G","G/G","G/G","G/G","G/G","G/G","G/G","G/G","G/G","G/G","-/-","A/G","G/G","G/G","G/G","G/G","G/G","G/G","G/G","G/G","G/G","G/G","G/G","G/G","G/G","G/G","G/G","A/G","A/A","A/G","A/G","G/G","G/G","A/A","A/G","-/-","G/G","A/A","A/G","A/G","A/A","A/A","A/A","A/G","A/G","G/G","G/G","A/G","A/G","G/G","A/G","G/G","G/G","G/G","G/G","G/G","A/A","-/-","A/A","G/G","G/G","G/G","G/G","G/G","G/G","G/G","G/G","G/G","G/G","G/G","G/G","G/G","G/G","G/G","G/G","-/-","G/G","G/G","G/G","G/G","G/G","G/G","A/A","A/A","A/A","G/G","G/G","G/G","G/G","G/G","G/G","G/G"
"235","PZA00344.10","4","193202013","C/C","C/C","C/C","C/C","C/C","C/C","C/C","C/C","C/C","C/C","C/C","C/C","C/C","C/C","C/C","C/C","G/G","C/C","C/C","C/C","C/C","C/C","C/C","C/C","C/G","C/C","C/G","C/C","C/C","C/G","C/G","C/G","C/C","C/C","C/C","C/G","C/C","C/G","C/C","C/C","C/C","C/C","C/C","C/C","C/C","C/C","C/C","C/C","C/C","C/C","C/C","C/C","C/C","C/C","C/C","C/C","C/C","C/C","C/C","C/C","C/C","C/C","C/C","-/-","C/C","C/C","C/C","C/C","C/C","C/C","C/C","C/C","C/C","C/C","C/C","C/C","C/C","C/C","C/C","C/C","C/C","C/C","C/C","C/C","C/C","C/C","C/C","C/C","C/C","C/C","C/C","C/C","C/C","C/C","C/C","C/C","C/C","C/C","C/C","C/C","C/C","C/C","C/C","C/C","C/C","C/C","C/C","C/C","C/C","C/C","C/C","C/C","C/C","C/C","-/-","C/C","C/C","C/C","C/C","C/C","C/C","C/C","C/C","C/C","C/C","C/C","C/C","C/C","C/C","C/C","C/C","C/C","C/C","C/C","C/C","C/C","C/C","C/C","C/C","C/C","C/C","C/C","C/C","C/C","C/C","C/C","C/C","C/C","C/C","C/C","C/C","C/C","C/C","C/C","C/C","C/C","C/C","C/C","C/C","C/C","C/C","C/C","C/C","C/C","C/C","C/C","C/C","C/C","C/C","C/C","C/C","C/G","C/C","C/C","C/C","C/C","C/C","C/C","C/C","C/C","C/C","C/C","C/C","C/C","C/C","C/C","C/C","C/C","C/C","C/C","C/C","C/C","C/C","C/C","C/C","C/C","C/C","C/C","C/C","C/C","C/C","C/C","C/C","C/C","C/C","C/C","C/C","C/C","C/C","C/C","C/C","C/C","C/C","C/C","C/C","C/C","C/C","C/C","C/C","C/C","C/C","C/C","C/C","C/C","C/C","C/C","C/C","C/C","C/C","C/C","C/C","C/C","C/C","C/C","C/C","C/C","C/C","C/C","C/C","C/C","C/C","C/C","C/C","C/C","C/C","C/C","C/C","C/C","C/C","C/C","C/C","C/C","-/-","C/C","C/C","C/C","C/C","C/C","C/C","C/C","C/C","C/C","C/C","C/C","C/C","C/C","C/C","C/C","C/C","C/C","C/C","C/G","C/C","C/C","C/C","C/C","C/C","C/C","C/C","C/C","C/C","C/C","C/C","C/C","C/C","C/C","C/C","C/C","C/C","C/C","C/C","C/C","C/C","C/G","C/C","C/C","C/C","C/C","C/C","C/C","C/C","C/C","C/C","C/C","C/C","C/C","C/C","C/C","C/C","C/G","C/C","C/C","C/C","C/C","C/C","C/C","C/C","C/C","C/C","C/C","C/C","C/C","C/C","C/C","C/C","C/C","C/C","C/C","C/C","C/C","C/C","C/C","C/C","C/C","C/C","C/C","C/C","C/C","C/C","C/C","C/C","C/C","C/C","C/C","C/C","C/C","C/C","C/C","C/C","C/C","C/C","C/C","C/C","C/C","C/C","C/C","C/C","C/C","C/C","C/C","C/C","C/C","C/C","C/C","C/C","C/C","C/C","C/C","C/C","C/C","C/C","C/C","C/C","C/C","C/C","C/C","C/C","C/C","C/C","C/C","C/C","C/C","C/C","C/C","C/C","C/C","C/C","C/C","C/C","C/C","C/G","C/C","C/C","C/C","C/C","C/C","C/C","C/C","C/C","C/C","C/C","C/C","C/C","C/C","C/C","C/G","C/C","C/C","C/C","C/C","C/G","C/C","C/C","C/C","C/C","C/C","C/C","C/G","C/C","C/G","C/C","C/C","C/C","C/C","C/G","C/C","C/C","C/C","C/G","C/C","C/C","C/C","C/C","C/C","C/C","C/C","C/C","C/C","C/C","C/C","C/C","C/C","C/C","C/C","C/C","C/C","C/C","C/C","C/C","C/C","C/C","C/C","C/C","C/C","C/C","C/C","C/C","C/C","C/C","C/C","C/C","C/C","C/C","C/C","C/C","C/C","C/C","C/C","C/C","C/C","C/C","C/C","C/C","C/C","C/C","C/C","C/C","C/C","C/C","C/C","C/C","C/C","C/C","C/C","C/C","C/C","C/C","C/C","C/C","C/C","C/C","C/C","C/C","C/C","C/C","C/C","C/C","C/C","C/C","C/C","C/C","C/C","C/C","C/C","C/C","C/C","C/G","C/C","C/G","C/C","C/C","C/C","C/G","C/C","C/C","C/G","C/C","C/C","C/C","C/G","C/C","C/C","C/C","C/C","C/C","C/C","C/C","C/C","C/C","C/G","C/C","C/C","C/C","C/C","C/C","C/C","C/C","C/G","C/C","C/C","C/G","C/C","C/C","C/G","C/G","C/C","C/C","C/C","C/C","C/C","C/G","C/G","C/C","C/C","C/C","C/C","C/C","C/C","C/C","C/C","C/C","C/C","C/C","C/C","C/C","C/C","C/C","C/C","C/C","C/C","C/C","C/C","C/C","C/C","C/C","C/C","C/C","C/C","C/C","C/C","C/G","C/C","C/C","C/C","C/C","C/G","C/C","C/C","C/C","C/C","C/C","C/C","C/C","C/C","C/C","C/C","C/C","C/C","C/C","C/C","C/C","C/C","C/C","C/C","C/C","C/G","C/C","C/C","C/C","C/G","C/C","C/C","C/C","C/C","C/C","C/C","C/C","C/C","C/G","C/C","C/C","C/C","C/C","C/G","C/C","C/C","C/C","C/C","C/C","C/C","C/C","C/C","C/C","C/C","C/C","C/C","C/C","C/C","C/G","C/C","C/C","C/C","C/C","C/C","C/C","C/C","C/C","C/C","C/C","C/C","C/C","C/C","C/C","C/C","C/C","C/C","C/C","C/C","C/C","C/C","C/C","C/C","-/-","C/C","G/G","C/C","C/C","C/C","C/C","C/C","C/C","C/G","C/C","C/C","C/C","C/G","C/C","C/C","C/G","C/G","C/C","C/C","C/G","C/C","C/C","C/G","C/C","C/C","C/C","C/C","C/C","C/G","C/C","C/C","C/C","C/C","C/C","C/C","C/G","C/G","C/G","C/G","C/C","C/C","C/C","C/C","C/C","C/C","C/C","C/C","C/C","C/G","C/C","C/G","C/C","C/C","C/C","C/G","C/C","C/C","C/C","C/G","C/C","C/C","C/C","C/C","C/C","C/C","C/C","C/C","C/C","C/C","C/C","C/C","C/C","C/C","C/C","C/C","C/C","C/C","C/C","C/C","C/C","C/C","C/C","C/C","C/G","C/C","C/C","C/C","C/C","C/C","C/C","C/C","C/C","C/C","C/C","C/C","C/C","C/C","C/C","C/C","C/C","C/C","C/C","C/C","C/C","C/G","C/C","C/C","C/C","C/C","C/C","C/C","C/C","C/C","C/C","C/C","C/C","C/C","C/C","C/C","C/C","C/C","C/C","C/C","C/C","C/C","C/C","C/C","C/C","C/C","C/C","C/C","C/C","C/C","C/C","C/C","C/C","C/C","C/C","C/G","C/C","C/C","C/C","C/C","C/C","C/C","C/C","C/C","C/C","C/C","C/C","C/C","C/G","C/C","C/C","C/C","C/C","C/C","C/C","C/C","C/C","C/C","C/C","C/C","C/C","C/C","C/C","C/C","C/C","C/C","C/G","C/C","C/G","C/G","C/C","C/C","C/C","C/C","C/C","C/C","C/C","C/C","C/C","C/C","C/C","C/C","C/C","C/C","C/C","C/G","C/C","C/G","C/C","C/C","C/G","C/C","C/C","C/C","C/C","C/G","C/C","C/C","C/C","C/C","C/C","C/C","C/C","C/G","C/C","C/C","C/C","C/C","C/C","C/C","C/C","C/C","C/C","C/C","C/C","C/C","C/C","C/C","C/C","C/C","C/C","C/C","C/C","C/C","C/C","C/C","C/C","C/C","C/C","C/C","C/C","C/C","C/C","C/C","C/C","C/C","C/C","C/C","C/C","C/C","C/C","C/C","C/C","C/C","C/C","C/C","C/C","C/C","C/C","C/C","C/C","C/C","C/C","C/C","C/C","C/C","C/C","C/C","C/C","C/C","C/C","C/C","C/C","C/C","C/C","C/C","C/C","C/C","C/C","C/C","C/C","C/C","C/C","C/C","C/C","C/C","C/C","C/C","C/C","-/-","-/-","C/C","C/C","C/C","C/C","C/C","C/C","C/C","C/C","C/C","C/C","C/C","C/C","C/C","C/C","C/C","C/C","C/C","C/C","C/C","C/C","C/C","C/C","C/C","C/C","C/C","C/C","C/C","C/C"
"572","PZA02949.26","4","185103474","T/T","T/T","C/T","T/T","C/T","C/T","T/T","T/T","T/T","T/T","T/T","T/T","T/T","T/T","T/T","C/T","T/T","T/T","T/T","C/T","T/T","T/T","C/T","-/-","T/T","T/T","T/T","C/T","T/T","T/T","T/T","T/T","T/T","C/T","T/T","T/T","T/T","T/T","T/T","T/T","T/T","T/T","T/T","T/T","T/T","T/T","T/T","T/T","T/T","T/T","T/T","T/T","T/T","T/T","T/T","T/T","T/T","C/C","T/T","T/T","T/T","T/T","T/T","T/T","T/T","T/T","T/T","T/T","T/T","T/T","T/T","T/T","T/T","T/T","C/T","T/T","T/T","T/T","T/T","T/T","T/T","T/T","T/T","T/T","T/T","T/T","T/T","T/T","T/T","T/T","T/T","T/T","T/T","T/T","T/T","T/T","T/T","T/T","T/T","T/T","T/T","T/T","T/T","T/T","T/T","T/T","T/T","T/T","T/T","T/T","T/T","T/T","T/T","T/T","T/T","T/T","T/T","T/T","T/T","T/T","T/T","-/-","T/T","T/T","T/T","T/T","T/T","T/T","T/T","T/T","T/T","T/T","T/T","T/T","T/T","T/T","T/T","T/T","-/-","T/T","T/T","T/T","T/T","T/T","-/-","T/T","T/T","T/T","T/T","T/T","T/T","-/-","-/-","T/T","-/-","C/C","C/C","T/T","T/T","T/T","T/T","C/T","T/T","C/T","T/T","T/T","T/T","T/T","T/T","C/T","T/T","T/T","T/T","T/T","T/T","T/T","T/T","T/T","T/T","T/T","T/T","T/T","T/T","T/T","T/T","C/T","C/C","T/T","T/T","T/T","T/T","T/T","T/T","T/T","T/T","T/T","T/T","T/T","T/T","-/-","T/T","T/T","T/T","C/T","T/T","T/T","C/T","T/T","T/T","T/T","T/T","T/T","T/T","T/T","T/T","T/T","T/T","T/T","T/T","C/T","T/T","T/T","T/T","C/T","T/T","T/T","T/T","T/T","C/C","T/T","T/T","T/T","T/T","T/T","T/T","T/T","T/T","T/T","C/T","T/T","C/T","T/T","T/T","T/T","T/T","T/T","T/T","T/T","T/T","C/T","C/C","-/-","C/T","C/T","C/T","C/C","T/T","T/T","T/T","C/T","T/T","T/T","T/T","T/T","T/T","T/T","C/T","C/T","T/T","T/T","C/T","-/-","C/T","C/T","C/T","C/C","T/T","C/C","T/T","T/T","T/T","C/T","T/T","C/T","C/T","T/T","T/T","C/T","C/C","T/T","T/T","C/T","T/T","C/T","T/T","T/T","-/-","T/T","C/T","T/T","T/T","C/T","T/T","C/T","T/T","C/T","T/T","T/T","C/T","C/C","T/T","-/-","T/T","-/-","-/-","T/T","T/T","C/T","C/T","T/T","T/T","T/T","T/T","T/T","T/T","T/T","C/T","T/T","T/T","C/T","T/T","T/T","T/T","T/T","T/T","-/-","C/T","T/T","T/T","T/T","C/C","-/-","T/T","C/C","T/T","T/T","T/T","C/T","C/T","T/T","T/T","T/T","T/T","T/T","C/T","C/T","T/T","T/T","T/T","T/T","T/T","-/-","C/C","T/T","T/T","T/T","C/T","T/T","T/T","T/T","C/T","T/T","C/T","T/T","T/T","T/T","T/T","T/T","T/T","C/T","T/T","T/T","T/T","C/T","T/T","T/T","T/T","C/T","T/T","T/T","T/T","T/T","T/T","C/T","T/T","C/T","T/T","C/T","T/T","C/T","C/T","T/T","C/C","C/T","-/-","T/T","T/T","T/T","T/T","T/T","T/T","T/T","C/T","T/T","T/T","C/T","C/T","C/T","T/T","T/T","C/T","T/T","T/T","T/T","T/T","T/T","T/T","T/T","C/T","T/T","T/T","T/T","C/T","T/T","C/C","T/T","T/T","C/C","C/C","T/T","-/-","C/T","T/T","T/T","C/C","T/T","T/T","T/T","T/T","T/T","C/T","T/T","C/C","T/T","C/T","C/T","T/T","T/T","T/T","T/T","T/T","T/T","T/T","T/T","T/T","T/T","-/-","T/T","C/T","C/T","T/T","T/T","C/T","C/T","C/T","T/T","T/T","T/T","T/T","C/T","T/T","T/T","C/C","T/T","T/T","T/T","T/T","T/T","C/T","C/T","C/C","C/T","T/T","T/T","-/-","T/T","T/T","C/T","T/T","T/T","T/T","T/T","C/T","T/T","T/T","T/T","T/T","T/T","T/T","T/T","T/T","T/T","T/T","T/T","T/T","C/C","T/T","C/T","T/T","T/T","C/C","T/T","T/T","T/T","C/T","T/T","T/T","T/T","T/T","T/T","T/T","C/C","C/T","T/T","C/T","C/C","T/T","C/T","T/T","T/T","C/T","T/T","C/T","C/T","C/T","T/T","T/T","C/T","T/T","T/T","T/T","C/T","T/T","T/T","T/T","T/T","-/-","T/T","T/T","T/T","C/T","T/T","T/T","-/-","T/T","T/T","T/T","T/T","T/T","C/C","T/T","T/T","T/T","T/T","C/T","T/T","T/T","T/T","T/T","T/T","T/T","C/C","T/T","T/T","T/T","T/T","T/T","T/T","T/T","T/T","-/-","T/T","-/-","T/T","-/-","T/T","T/T","-/-","T/T","T/T","T/T","T/T","T/T","T/T","C/T","C/T","T/T","C/T","T/T","T/T","C/T","C/T","T/T","C/T","C/C","T/T","T/T","C/C","T/T","-/-","C/T","-/-","T/T","T/T","T/T","T/T","T/T","C/C","-/-","T/T","T/T","T/T","T/T","T/T","T/T","T/T","C/C","C/T","T/T","T/T","-/-","C/C","C/T","T/T","T/T","T/T","T/T","T/T","-/-","C/T","T/T","T/T","T/T","C/T","T/T","T/T","T/T","C/T","T/T","T/T","C/T","T/T","T/T","T/T","T/T","T/T","T/T","T/T","T/T","T/T","T/T","C/T","T/T","C/T","T/T","T/T","T/T","T/T","T/T","T/T","T/T","C/T","T/T","T/T","T/T","-/-","T/T","T/T","T/T","T/T","T/T","T/T","C/C","T/T","T/T","C/C","T/T","T/T","T/T","T/T","T/T","T/T","T/T","C/T","-/-","T/T","T/T","-/-","C/C","T/T","T/T","-/-","-/-","T/T","-/-","T/T","T/T","C/T","T/T","T/T","T/T","T/T","T/T","T/T","T/T","T/T","C/C","T/T","-/-","T/T","C/C","T/T","C/C","T/T","C/T","T/T","T/T","T/T","T/T","T/T","-/-","T/T","T/T","-/-","C/T","T/T","C/C","T/T","T/T","T/T","C/T","T/T","T/T","C/T","T/T","T/T","T/T","T/T","T/T","T/T","C/T","T/T","T/T","C/T","T/T","T/T","T/T","T/T","C/T","T/T","T/T","T/T","C/T","T/T","T/T","C/C","C/C","C/T","T/T","C/T","C/C","T/T","T/T","T/T","T/T","T/T","T/T","C/T","T/T","C/C","T/T","T/T","C/T","T/T","C/T","T/T","T/T","C/T","C/C","C/T","-/-","T/T","T/T","T/T","T/T","T/T","-/-","C/T","T/T","T/T","C/C","C/T","T/T","T/T","T/T","T/T","C/C","C/C","T/T","T/T","C/T","C/T","T/T","T/T","C/T","T/T","T/T","-/-","C/T","-/-","T/T","T/T","T/T","T/T","T/T","T/T","T/T","T/T","T/T","T/T","C/T","T/T","T/T","T/T","T/T","T/T","T/T","T/T","T/T","T/T","T/T","T/T","T/T","T/T","T/T","T/T","T/T","-/-","T/T","-/-","T/T","T/T","T/T","T/T","C/T","T/T","T/T","T/T","C/T","T/T","T/T","T/T","T/T","T/T","T/T","T/T","C/T","C/C","C/C","T/T","C/T","T/T","-/-","T/T","T/T","T/T","T/T","T/T","C/C","T/T","C/T","T/T","T/T","C/C","T/T","C/T","C/T","C/T","T/T","T/T","T/T","T/T","T/T","C/T","C/C","C/C","C/T","C/T","C/C","T/T","T/T","T/T","C/C","C/C","C/T","C/C","C/C","C/C","C/T","T/T","T/T","C/T","C/C","C/C","C/C","C/C","T/T","C/T","C/T","C/C","C/T","C/C","C/T","T/T","T/T","T/T","T/T","T/T","T/T","C/C","C/C","C/C","T/T","T/T","T/T","T/T","T/T","T/T","T/T","T/T","T/T","C/C","C/C","C/C","C/C","T/T","-/-","T/T","T/T","T/T","T/T","T/T","T/T","T/T","T/T","C/T","T/T","T/T","C/C","C/C","T/T","T/T","T/T","T/T","T/T"
"571","PZA02949.22","4","185103471","G/G","G/G","A/G","G/G","A/A","A/G","G/G","G/G","G/G","A/G","G/G","A/G","G/G","G/G","A/G","A/G","G/G","G/G","G/G","A/G","G/G","G/G","A/G","A/G","G/G","G/G","A/G","A/G","G/G","G/G","G/G","G/G","G/G","A/G","G/G","G/G","A/G","G/G","G/G","G/G","G/G","-/-","G/G","G/G","G/G","G/G","G/G","A/G","A/G","G/G","G/G","G/G","A/G","G/G","G/G","G/G","A/G","A/A","G/G","A/G","G/G","G/G","A/G","G/G","G/G","G/G","G/G","G/G","G/G","G/G","G/G","G/G","G/G","G/G","A/G","G/G","G/G","G/G","G/G","G/G","G/G","G/G","A/G","A/G","G/G","G/G","G/G","G/G","G/G","G/G","A/G","A/G","G/G","G/G","A/G","G/G","G/G","G/G","G/G","G/G","G/G","A/G","G/G","A/G","G/G","G/G","G/G","A/G","A/G","G/G","G/G","G/G","A/G","A/G","G/G","G/G","A/G","-/-","G/G","A/G","G/G","A/G","A/G","G/G","G/G","G/G","G/G","G/G","G/G","A/G","G/G","G/G","A/G","G/G","G/G","A/G","G/G","A/A","A/G","G/G","A/A","A/G","A/G","G/G","G/G","G/G","G/G","G/G","G/G","G/G","G/G","G/G","G/G","G/G","G/G","A/G","A/G","G/G","G/G","G/G","G/G","A/G","G/G","A/G","A/A","G/G","G/G","G/G","G/G","A/G","G/G","-/-","G/G","A/G","A/A","G/G","G/G","G/G","A/G","G/G","G/G","A/G","A/G","G/G","A/A","A/G","A/A","A/G","G/G","G/G","A/G","G/G","G/G","G/G","-/-","G/G","G/G","A/G","G/G","G/G","G/G","G/G","A/G","A/G","G/G","G/G","A/G","G/G","G/G","G/G","G/G","G/G","G/G","G/G","G/G","G/G","G/G","G/G","G/G","A/G","G/G","G/G","G/G","A/G","A/G","A/G","G/G","G/G","A/A","G/G","G/G","G/G","G/G","A/G","G/G","G/G","A/G","A/G","A/G","G/G","A/A","-/-","G/G","G/G","G/G","G/G","G/G","G/G","G/G","A/G","A/G","G/G","A/A","A/G","A/G","A/G","G/G","G/G","G/G","A/G","G/G","G/G","G/G","G/G","G/G","G/G","A/G","A/G","G/G","G/G","A/G","G/G","A/G","A/G","A/G","-/-","G/G","-/-","G/G","G/G","G/G","A/A","G/G","A/G","A/G","G/G","G/G","A/G","A/A","G/G","G/G","A/G","A/G","A/G","G/G","G/G","A/G","G/G","A/G","G/G","A/G","A/G","G/G","A/A","G/G","A/G","G/G","G/G","A/G","A/A","G/G","A/G","G/G","G/G","G/G","G/G","G/G","A/G","A/G","G/G","A/G","G/G","G/G","G/G","G/G","G/G","A/G","G/G","G/G","A/G","G/G","G/G","G/G","G/G","A/A","G/G","A/G","G/G","G/G","G/G","A/G","A/G","G/G","A/A","G/G","G/G","G/G","A/A","A/G","A/G","G/G","G/G","G/G","G/G","A/G","A/G","G/G","G/G","G/G","G/G","A/G","-/-","A/G","G/G","G/G","G/G","A/G","G/G","G/G","A/G","A/G","G/G","A/G","A/G","G/G","G/G","G/G","G/G","G/G","A/G","A/A","G/G","A/A","A/G","A/G","A/G","G/G","A/A","A/G","A/G","G/G","G/G","A/G","A/G","-/-","A/G","A/A","A/A","G/G","A/G","A/A","G/G","A/A","-/-","A/G","G/G","G/G","G/G","G/G","A/A","G/G","A/G","A/A","G/G","G/G","-/-","A/G","A/G","G/G","G/G","A/G","G/G","G/G","A/G","A/G","G/G","G/G","G/G","A/G","G/G","G/G","-/-","A/G","G/G","A/G","G/G","G/G","A/A","A/G","A/G","A/A","A/G","G/G","A/G","A/A","G/G","G/G","A/G","G/G","G/G","A/G","A/A","A/G","G/G","A/A","A/A","G/G","G/G","A/G","G/G","G/G","G/G","G/G","G/G","G/G","G/G","A/A","G/G","A/G","A/G","G/G","G/G","A/G","A/G","A/G","G/G","G/G","G/G","G/G","A/G","G/G","G/G","A/A","G/G","G/G","G/G","A/G","G/G","A/G","A/G","A/A","A/G","A/G","G/G","G/G","G/G","G/G","A/G","A/G","G/G","G/G","G/G","A/G","G/G","G/G","A/G","G/G","G/G","G/G","G/G","-/-","G/G","G/G","G/G","G/G","A/A","G/G","A/G","G/G","G/G","A/A","G/G","A/A","G/G","A/G","A/G","-/-","G/G","A/A","G/G","-/-","A/A","A/A","G/G","A/A","A/A","A/A","A/G","A/G","A/G","A/A","A/A","A/G","A/G","A/A","A/A","-/-","A/G","A/G","A/A","G/G","A/G","G/G","A/G","A/G","G/G","A/A","G/G","A/G","G/G","A/G","A/G","G/G","A/A","G/G","G/G","G/G","A/A","G/G","A/A","G/G","A/G","G/G","G/G","A/G","G/G","G/G","G/G","G/G","G/G","A/G","A/A","A/A","A/G","G/G","A/A","A/G","G/G","G/G","G/G","G/G","A/G","A/G","A/G","A/G","A/G","A/G","A/G","A/G","G/G","G/G","G/G","A/G","G/G","-/-","-/-","G/G","-/-","G/G","G/G","A/G","A/G","A/G","A/G","A/A","G/G","G/G","A/A","A/G","G/G","A/G","G/G","G/G","G/G","A/G","G/G","G/G","A/A","A/G","G/G","A/G","A/G","G/G","A/G","G/G","-/-","A/A","A/G","G/G","A/G","A/A","A/G","A/A","G/G","G/G","A/G","G/G","G/G","A/G","A/G","G/G","A/G","A/G","A/A","A/G","G/G","G/G","A/G","G/G","A/G","A/G","G/G","G/G","G/G","G/G","G/G","G/G","G/G","G/G","G/G","G/G","A/G","G/G","A/G","G/G","G/G","G/G","G/G","G/G","A/G","G/G","A/G","G/G","A/G","G/G","A/G","A/G","G/G","G/G","G/G","-/-","G/G","A/A","A/G","A/G","A/A","G/G","G/G","G/G","G/G","G/G","-/-","G/G","A/G","A/A","A/A","G/G","A/A","A/A","A/A","G/G","G/G","A/A","A/G","A/G","G/G","-/-","A/G","A/G","G/G","G/G","G/G","A/G","G/G","G/G","G/G","A/G","G/G","A/A","A/G","A/G","A/A","A/A","-/-","A/G","A/A","G/G","A/A","G/G","-/-","A/G","A/G","A/G","A/A","A/A","A/G","A/A","G/G","G/G","A/G","A/G","A/G","A/G","A/G","A/G","A/G","G/G","G/G","A/G","A/A","A/G","A/G","A/A","A/A","A/G","A/A","A/G","G/G","A/G","A/A","A/G","G/G","A/A","A/G","A/A","A/A","A/A","A/G","G/G","A/G","A/A","A/A","A/G","A/G","A/G","G/G","G/G","A/G","A/G","A/A","A/A","G/G","A/G","A/G","A/G","G/G","G/G","A/G","A/A","A/A","A/G","A/G","A/G","G/G","G/G","G/G","A/A","A/G","G/G","G/G","A/A","A/G","G/G","G/G","A/G","A/G","A/G","A/A","A/G","G/G","A/G","A/G","G/G","G/G","A/A","G/G","G/G","A/G","A/G","A/G","A/G","G/G","G/G","G/G","G/G","G/G","G/G","A/G","A/G","G/G","A/G","G/G","A/G","G/G","A/G","G/G","A/G","G/G","G/G","G/G","A/G","A/G","G/G","G/G","A/G","G/G","G/G","-/-","G/G","A/G","G/G","-/-","G/G","G/G","A/A","G/G","A/G","G/G","A/G","G/G","G/G","G/G","G/G","G/G","G/G","G/G","A/G","A/A","A/A","G/G","A/G","G/G","G/G","G/G","G/G","G/G","G/G","G/G","A/A","G/G","A/G","G/G","G/G","A/A","G/G","A/G","A/G","A/G","G/G","G/G","G/G","G/G","G/G","A/A","A/A","A/A","A/G","A/A","A/A","A/G","G/G","G/G","A/A","A/A","A/G","A/A","A/A","A/A","A/G","A/G","G/G","A/G","A/G","A/A","A/A","A/A","A/G","A/G","A/A","A/A","A/A","A/A","A/G","G/G","G/G","G/G","G/G","G/G","G/G","A/A","A/A","-/-","G/G","G/G","G/G","G/G","G/G","G/G","G/G","G/G","G/G","A/A","A/A","A/A","A/A","G/G","G/G","G/G","G/G","G/G","G/G","-/-","A/A","A/A","A/A","A/G","G/G","G/G","A/A","A/A","A/A","A/A","-/-","A/A","A/A"
"60","PZA00078.2","4","18502179","A/A","C/C","A/C","A/C","A/A","A/A","A/C","C/C","C/C","A/C","C/C","C/C","A/A","C/C","C/C","C/C","A/C","A/C","A/A","C/C","C/C","C/C","A/C","A/C","A/C","C/C","C/C","A/C","A/C","A/C","C/C","A/C","A/C","A/A","C/C","C/C","A/C","C/C","A/A","C/C","C/C","C/C","C/C","C/C","A/C","C/C","C/C","C/C","C/C","C/C","C/C","C/C","A/C","A/A","C/C","C/C","C/C","C/C","C/C","C/C","C/C","C/C","C/C","C/C","C/C","C/C","C/C","C/C","A/C","C/C","C/C","C/C","C/C","A/C","C/C","C/C","A/C","C/C","C/C","C/C","C/C","C/C","C/C","A/C","A/C","C/C","A/C","A/C","A/C","C/C","A/C","C/C","C/C","A/C","A/C","A/C","C/C","A/C","C/C","C/C","C/C","A/C","C/C","C/C","A/A","A/C","A/C","C/C","C/C","C/C","C/C","A/C","A/C","C/C","A/A","C/C","C/C","C/C","C/C","C/C","C/C","C/C","C/C","C/C","C/C","C/C","C/C","C/C","C/C","C/C","C/C","C/C","C/C","C/C","C/C","C/C","C/C","C/C","A/C","C/C","C/C","C/C","C/C","A/A","C/C","C/C","A/C","A/A","C/C","C/C","C/C","C/C","C/C","C/C","C/C","A/C","A/C","A/A","C/C","C/C","A/C","A/C","C/C","A/C","C/C","C/C","C/C","C/C","C/C","C/C","C/C","C/C","A/A","A/C","C/C","A/C","C/C","A/A","C/C","C/C","C/C","A/C","A/C","C/C","C/C","A/C","C/C","A/C","C/C","C/C","C/C","A/C","C/C","C/C","C/C","C/C","C/C","C/C","C/C","C/C","A/C","C/C","A/C","C/C","C/C","C/C","C/C","A/C","C/C","C/C","C/C","A/C","A/C","C/C","C/C","C/C","C/C","A/C","A/C","C/C","C/C","C/C","C/C","C/C","C/C","C/C","A/C","A/C","C/C","C/C","C/C","C/C","A/C","A/C","C/C","C/C","C/C","C/C","C/C","C/C","C/C","C/C","C/C","C/C","A/C","C/C","C/C","A/C","A/C","C/C","A/C","C/C","C/C","A/C","A/A","A/C","A/C","A/C","A/C","C/C","A/C","C/C","C/C","C/C","C/C","C/C","A/C","A/C","A/C","C/C","A/C","A/C","A/C","A/A","A/C","C/C","C/C","A/C","A/C","A/C","A/C","C/C","A/C","C/C","A/C","A/A","A/A","A/C","A/A","C/C","C/C","C/C","C/C","A/C","C/C","C/C","C/C","C/C","C/C","C/C","C/C","C/C","C/C","C/C","C/C","A/C","C/C","C/C","C/C","C/C","C/C","C/C","C/C","C/C","C/C","C/C","C/C","C/C","C/C","A/C","C/C","C/C","C/C","C/C","C/C","C/C","C/C","C/C","A/C","A/C","C/C","C/C","C/C","A/C","A/C","A/A","C/C","A/C","C/C","A/C","C/C","A/C","C/C","A/C","C/C","C/C","C/C","C/C","A/A","A/A","C/C","A/C","A/C","C/C","C/C","A/C","A/C","C/C","A/C","A/C","C/C","A/A","C/C","C/C","C/C","C/C","C/C","A/C","A/C","A/C","C/C","C/C","A/C","C/C","C/C","C/C","C/C","C/C","A/C","C/C","C/C","C/C","C/C","A/C","A/C","C/C","A/C","C/C","A/C","C/C","C/C","C/C","C/C","C/C","A/C","C/C","C/C","C/C","A/C","C/C","C/C","C/C","C/C","C/C","C/C","C/C","C/C","A/C","C/C","C/C","C/C","C/C","C/C","C/C","C/C","C/C","C/C","A/C","C/C","C/C","A/C","A/C","C/C","C/C","C/C","C/C","C/C","A/C","A/C","C/C","C/C","C/C","C/C","C/C","C/C","C/C","C/C","A/C","C/C","A/C","C/C","C/C","C/C","C/C","C/C","C/C","C/C","C/C","C/C","C/C","C/C","A/C","C/C","C/C","A/C","A/C","C/C","C/C","C/C","C/C","A/C","C/C","C/C","C/C","A/C","C/C","A/C","C/C","C/C","A/C","C/C","A/C","A/C","A/C","-/-","A/C","A/C","A/C","A/C","A/C","C/C","C/C","C/C","A/C","A/C","C/C","A/C","A/A","C/C","C/C","C/C","C/C","C/C","C/C","C/C","C/C","C/C","A/C","C/C","A/C","A/C","C/C","A/A","C/C","C/C","C/C","A/C","C/C","C/C","C/C","C/C","C/C","C/C","C/C","A/C","C/C","A/C","C/C","A/C","C/C","A/C","C/C","C/C","A/C","C/C","C/C","C/C","C/C","-/-","C/C","A/A","C/C","A/C","A/C","C/C","A/C","C/C","C/C","C/C","C/C","C/C","A/C","A/C","C/C","C/C","C/C","C/C","A/C","C/C","A/C","C/C","C/C","C/C","C/C","C/C","C/C","C/C","C/C","C/C","C/C","C/C","C/C","A/C","C/C","C/C","C/C","C/C","C/C","C/C","C/C","C/C","C/C","C/C","C/C","C/C","C/C","C/C","C/C","C/C","A/A","C/C","A/C","C/C","C/C","A/A","C/C","C/C","C/C","C/C","C/C","C/C","C/C","A/C","C/C","C/C","C/C","C/C","C/C","C/C","C/C","C/C","C/C","A/C","A/C","C/C","C/C","A/C","C/C","C/C","A/C","A/C","A/C","C/C","C/C","A/C","A/C","A/C","C/C","A/C","C/C","A/C","C/C","C/C","C/C","C/C","A/C","C/C","C/C","A/C","C/C","A/C","C/C","C/C","C/C","A/C","C/C","C/C","C/C","C/C","A/C","C/C","C/C","C/C","C/C","A/C","C/C","C/C","C/C","C/C","A/C","C/C","C/C","C/C","A/C","C/C","C/C","C/C","C/C","C/C","A/C","C/C","A/C","C/C","C/C","A/C","C/C","C/C","C/C","C/C","C/C","A/C","C/C","A/C","A/C","C/C","C/C","A/C","A/C","A/A","C/C","C/C","A/C","A/C","C/C","C/C","C/C","C/C","C/C","A/C","C/C","C/C","C/C","C/C","C/C","C/C","C/C","A/C","A/A","C/C","C/C","A/C","C/C","C/C","A/A","C/C","A/C","C/C","C/C","A/C","C/C","C/C","A/A","C/C","A/C","C/C","C/C","A/C","A/C","A/C","C/C","C/C","A/C","C/C","C/C","C/C","C/C","C/C","C/C","C/C","C/C","A/C","A/C","C/C","C/C","A/C","A/A","A/C","C/C","A/C","A/C","A/C","C/C","C/C","C/C","C/C","A/C","C/C","C/C","A/C","C/C","C/C","A/C","A/C","A/C","A/C","C/C","C/C","A/A","C/C","C/C","C/C","C/C","A/C","C/C","C/C","C/C","A/A","A/C","C/C","C/C","A/C","A/C","A/C","C/C","A/C","C/C","A/C","A/C","C/C","C/C","C/C","C/C","C/C","C/C","A/C","C/C","A/C","-/-","C/C","C/C","C/C","C/C","C/C","C/C","C/C","C/C","C/C","C/C","C/C","C/C","A/C","C/C","C/C","C/C","C/C","C/C","C/C","C/C","C/C","C/C","C/C","C/C","C/C","C/C","C/C","A/C","C/C","A/C","C/C","C/C","C/C","C/C","C/C","C/C","C/C","C/C","C/C","C/C","C/C","C/C","C/C","C/C","C/C","C/C","A/C","A/C","C/C","C/C","C/C","A/C","C/C","C/C","A/C","A/C","C/C","C/C","C/C","C/C","C/C","C/C","C/C","C/C","A/C","A/C","C/C","C/C","A/C","A/C","C/C","C/C","C/C","C/C","C/C","C/C","C/C","A/C","C/C","C/C","C/C","C/C","C/C","C/C","C/C","A/C","C/C","C/C","C/C","C/C","C/C","C/C","C/C","C/C","C/C","A/C","A/A","A/C","C/C","C/C","C/C","A/C","C/C","C/C","C/C","C/C","C/C","C/C","C/C","A/A","A/A","A/A","A/C","A/A","C/C","A/C","C/C","C/C","C/C","C/C","C/C","A/A","C/C","C/C","C/C","C/C","C/C","C/C","A/C","A/C","C/C","A/A","C/C","A/C","C/C","C/C","C/C","C/C","C/C","C/C","C/C","C/C","C/C","C/C","C/C","C/C","C/C","C/C","C/C","C/C","C/C","C/C","C/C","C/C","A/A","A/A","A/A","A/A","C/C","-/-","C/C","C/C","C/C","C/C","C/C","C/C","C/C","A/A","A/A","A/A","C/C","C/C","C/C","C/C","A/A","A/A","A/A","A/A","A/A","A/A","C/C","C/C","C/C","C/C","C/C","C/C","C/C"
"511","PZA01637.2","4","180274135","A/G","A/G","G/G","A/A","A/G","G/G","G/G","G/G","A/A","G/G","G/G","G/G","A/A","A/G","G/G","A/G","A/G","G/G","G/G","G/G","G/G","G/G","A/G","G/G","A/A","A/G","G/G","G/G","G/G","G/G","A/G","G/G","A/A","G/G","G/G","G/G","G/G","-/-","G/G","G/G","A/G","A/G","G/G","A/A","A/G","A/A","A/G","G/G","A/G","A/G","G/G","A/G","G/G","A/G","A/G","A/G","G/G","A/A","A/G","G/G","A/A","A/G","G/G","A/G","A/A","A/A","A/G","A/G","A/G","A/G","A/G","A/A","A/G","A/A","G/G","A/A","G/G","A/G","G/G","G/G","A/A","A/G","A/G","A/G","A/G","A/G","G/G","A/G","-/-","G/G","G/G","G/G","G/G","G/G","G/G","G/G","G/G","G/G","G/G","G/G","G/G","G/G","G/G","G/G","G/G","G/G","G/G","G/G","G/G","G/G","G/G","A/G","G/G","G/G","G/G","G/G","G/G","G/G","A/G","G/G","-/-","G/G","G/G","-/-","G/G","G/G","-/-","G/G","G/G","G/G","G/G","A/G","G/G","G/G","G/G","A/G","G/G","-/-","G/G","G/G","G/G","G/G","G/G","G/G","A/A","G/G","G/G","G/G","G/G","G/G","A/A","G/G","A/A","A/G","G/G","G/G","G/G","G/G","A/G","G/G","G/G","A/G","A/G","G/G","G/G","G/G","-/-","G/G","G/G","G/G","G/G","G/G","G/G","G/G","G/G","A/G","G/G","A/G","G/G","G/G","G/G","G/G","G/G","G/G","G/G","G/G","G/G","G/G","G/G","G/G","G/G","A/A","A/A","G/G","A/G","A/A","G/G","A/G","A/G","A/G","A/A","A/A","A/G","A/A","A/G","A/A","A/A","A/G","-/-","A/G","A/G","A/G","A/G","A/A","-/-","A/A","G/G","G/G","A/G","A/G","A/G","-/-","G/G","A/G","A/A","G/G","A/G","G/G","A/A","A/A","A/G","A/A","A/G","A/G","A/G","A/A","A/A","A/G","A/G","A/A","A/A","A/A","A/G","A/A","G/G","A/G","A/A","A/G","A/A","A/G","A/G","-/-","A/G","G/G","A/G","G/G","G/G","A/G","G/G","-/-","A/G","A/G","A/G","G/G","A/G","G/G","A/G","G/G","A/G","G/G","G/G","A/G","A/A","A/A","A/A","G/G","A/G","G/G","A/A","A/G","A/A","A/G","A/G","A/A","A/A","-/-","A/A","A/A","G/G","A/G","G/G","A/G","A/G","G/G","A/A","G/G","G/G","A/A","A/G","G/G","A/G","A/G","G/G","A/G","A/G","G/G","A/G","G/G","G/G","G/G","G/G","-/-","A/G","G/G","-/-","A/G","G/G","A/G","G/G","A/G","-/-","-/-","G/G","G/G","G/G","A/G","-/-","G/G","G/G","G/G","A/G","G/G","G/G","A/G","A/G","A/G","G/G","G/G","A/G","A/G","A/G","A/G","A/G","A/G","G/G","G/G","A/G","A/G","A/G","G/G","G/G","G/G","G/G","G/G","A/A","A/G","A/A","A/G","G/G","G/G","A/A","-/-","G/G","G/G","G/G","G/G","G/G","G/G","G/G","A/G","G/G","G/G","G/G","G/G","A/G","G/G","G/G","A/G","G/G","G/G","A/G","G/G","A/G","A/G","G/G","G/G","-/-","G/G","G/G","A/G","G/G","A/G","G/G","A/G","G/G","A/A","G/G","G/G","G/G","G/G","G/G","G/G","G/G","A/G","-/-","G/G","A/A","A/A","G/G","A/G","A/G","G/G","A/G","G/G","A/G","G/G","-/-","A/G","A/G","A/G","A/G","A/A","A/A","A/G","G/G","G/G","A/A","G/G","A/A","G/G","A/G","A/G","G/G","-/-","A/G","A/G","A/G","G/G","A/A","A/G","A/G","G/G","A/A","A/G","G/G","G/G","A/A","A/G","A/A","G/G","G/G","G/G","G/G","A/G","G/G","A/A","A/G","A/G","G/G","A/A","A/G","G/G","A/A","A/A","G/G","A/G","A/A","A/G","A/G","A/A","A/A","A/G","A/A","A/A","A/G","A/A","A/G","A/A","A/G","G/G","A/G","G/G","G/G","A/G","A/A","A/A","A/A","A/G","G/G","A/A","A/G","G/G","G/G","A/A","G/G","G/G","G/G","A/G","A/G","G/G","G/G","A/G","A/G","G/G","G/G","A/G","A/A","G/G","A/A","A/G","G/G","A/A","A/G","-/-","G/G","A/A","A/A","A/G","A/G","A/A","G/G","-/-","A/G","A/G","A/A","-/-","A/A","G/G","G/G","A/G","G/G","G/G","G/G","G/G","G/G","G/G","G/G","G/G","G/G","G/G","G/G","G/G","A/G","A/A","G/G","G/G","A/G","G/G","A/G","G/G","G/G","A/A","G/G","A/G","-/-","A/G","A/A","G/G","A/A","G/G","G/G","A/A","G/G","G/G","G/G","G/G","G/G","A/G","G/G","G/G","G/G","G/G","G/G","G/G","G/G","G/G","G/G","G/G","G/G","G/G","G/G","A/G","A/G","A/G","A/A","A/G","A/A","A/G","A/G","A/A","G/G","A/G","A/G","A/G","A/G","A/A","A/A","A/G","A/G","A/G","G/G","A/A","A/G","G/G","A/G","G/G","G/G","G/G","A/G","A/G","A/G","A/G","-/-","A/G","A/G","G/G","A/A","G/G","G/G","A/A","A/G","A/G","A/G","A/G","G/G","G/G","G/G","A/A","A/G","A/G","A/G","-/-","G/G","G/G","A/G","A/G","A/G","A/A","G/G","A/G","A/G","A/A","A/G","A/G","G/G","-/-","A/G","A/G","A/A","A/G","G/G","A/A","G/G","G/G","G/G","-/-","A/G","G/G","G/G","A/G","A/G","A/G","A/A","A/G","G/G","A/G","G/G","A/G","A/G","G/G","A/G","G/G","A/G","A/A","G/G","A/G","G/G","A/A","G/G","G/G","G/G","A/G","A/G","A/G","A/A","A/A","A/A","A/A","G/G","A/G","-/-","A/G","A/G","A/A","A/A","A/A","A/A","G/G","A/A","A/G","A/A","A/A","A/A","A/G","G/G","G/G","G/G","G/G","G/G","G/G","A/A","G/G","G/G","G/G","G/G","G/G","G/G","G/G","A/G","G/G","A/G","G/G","A/A","G/G","G/G","G/G","A/G","G/G","G/G","A/G","A/G","A/G","A/A","G/G","A/G","G/G","G/G","-/-","G/G","-/-","A/G","A/A","A/A","A/A","A/G","A/A","A/G","A/G","G/G","A/G","A/G","G/G","G/G","A/G","A/G","A/A","G/G","G/G","G/G","G/G","G/G","A/A","A/A","A/G","A/G","G/G","A/G","G/G","A/G","A/G","A/A","A/G","A/G","A/G","A/G","A/A","A/G","G/G","A/G","A/G","A/A","A/G","A/G","A/G","A/G","G/G","G/G","A/G","G/G","-/-","G/G","A/A","A/G","A/G","A/A","G/G","A/A","A/A","G/G","-/-","-/-","A/G","A/G","A/G","G/G","A/G","-/-","A/A","A/A","A/G","G/G","G/G","A/G","G/G","A/G","A/G","G/G","G/G","A/A","A/G","G/G","A/A","G/G","G/G","-/-","A/G","G/G","A/G","G/G","A/G","A/A","A/G","A/G","G/G","A/G","A/A","A/G","A/G","A/G","G/G","G/G","A/G","G/G","A/G","A/G","A/A","A/G","A/A","G/G","A/A","G/G","G/G","G/G","A/G","A/A","A/G","A/A","A/A","A/A","G/G","A/A","A/A","A/A","A/A","G/G","A/G","A/G","-/-","A/A","A/A","A/A","A/A","A/A","A/G","A/A","G/G","A/G","A/A","A/A","A/G","A/G","A/G","A/G","A/G","A/G","G/G","G/G","A/G","A/A","G/G","A/G","G/G","A/G","A/A","A/G","A/G","A/G","A/G","A/A","A/G","G/G","G/G","A/G","G/G","G/G","G/G","G/G","A/G","G/G","G/G","A/G","G/G","G/G","G/G","G/G","G/G","G/G","G/G","G/G","G/G","G/G","G/G","G/G","G/G","G/G","G/G","G/G","G/G","G/G","G/G","G/G","A/G","G/G","G/G","A/A","A/A","A/A","G/G","G/G","G/G","G/G","G/G","G/G","G/G","G/G","G/G","G/G","G/G","G/G","G/G","G/G","G/G","G/G","G/G","G/G","A/A","A/A","A/A","G/G","G/G","G/G","G/G","G/G","G/G","G/G","G/G","G/G","G/G","G/G","G/G","G/G","G/G","G/G","G/G","G/G"
"512","PZA01637.3","4","180273993","T/T","T/T","T/T","T/T","T/T","T/T","T/T","T/T","T/T","T/T","T/T","C/C","T/T","T/T","T/T","T/T","T/T","T/T","T/T","T/T","T/T","T/T","T/T","T/T","T/T","T/T","T/T","T/T","T/T","T/T","T/T","T/T","-/-","T/T","T/T","T/T","T/T","-/-","T/T","T/T","T/T","T/T","T/T","T/T","T/T","T/T","T/T","T/T","T/T","T/T","T/T","T/T","T/T","T/T","T/T","T/T","T/T","T/T","T/T","T/T","T/T","T/T","T/T","T/T","T/T","T/T","T/T","T/T","T/T","T/T","T/T","T/T","T/T","T/T","T/T","T/T","T/T","T/T","T/T","T/T","T/T","T/T","T/T","T/T","T/T","T/T","T/T","T/T","T/T","T/T","T/T","T/T","T/T","T/T","T/T","T/T","T/T","T/T","T/T","T/T","T/T","T/T","T/T","C/T","T/T","T/T","T/T","T/T","T/T","T/T","T/T","T/T","T/T","T/T","T/T","-/-","C/T","T/T","T/T","C/T","T/T","T/T","T/T","T/T","C/T","T/T","T/T","T/T","C/T","C/T","C/C","T/T","C/T","C/C","T/T","T/T","T/T","C/T","C/T","C/T","C/T","C/T","T/T","C/C","T/T","T/T","T/T","C/T","T/T","T/T","T/T","C/C","T/T","T/T","C/C","C/T","C/T","T/T","T/T","C/T","C/T","T/T","T/T","T/T","T/T","T/T","T/T","T/T","T/T","T/T","T/T","T/T","T/T","T/T","T/T","T/T","T/T","T/T","T/T","T/T","C/T","T/T","T/T","T/T","T/T","T/T","T/T","T/T","T/T","T/T","C/C","T/T","T/T","T/T","T/T","T/T","T/T","T/T","T/T","T/T","T/T","T/T","T/T","T/T","T/T","T/T","T/T","T/T","T/T","T/T","T/T","T/T","T/T","T/T","T/T","T/T","T/T","T/T","T/T","T/T","T/T","T/T","T/T","T/T","T/T","T/T","T/T","T/T","T/T","T/T","T/T","T/T","T/T","T/T","T/T","T/T","T/T","T/T","T/T","T/T","T/T","T/T","T/T","T/T","T/T","T/T","T/T","T/T","T/T","T/T","T/T","T/T","T/T","T/T","T/T","T/T","T/T","T/T","T/T","-/-","T/T","T/T","T/T","T/T","T/T","T/T","T/T","T/T","T/T","T/T","T/T","T/T","T/T","T/T","T/T","T/T","T/T","T/T","T/T","T/T","T/T","T/T","T/T","T/T","T/T","T/T","T/T","T/T","T/T","T/T","T/T","T/T","T/T","T/T","T/T","T/T","T/T","T/T","T/T","T/T","T/T","T/T","T/T","T/T","T/T","T/T","T/T","T/T","T/T","T/T","T/T","T/T","T/T","T/T","T/T","T/T","T/T","T/T","T/T","T/T","T/T","T/T","T/T","T/T","T/T","T/T","T/T","T/T","T/T","T/T","T/T","T/T","T/T","T/T","T/T","T/T","T/T","T/T","T/T","T/T","T/T","T/T","T/T","T/T","T/T","-/-","T/T","T/T","T/T","T/T","T/T","T/T","T/T","T/T","T/T","T/T","T/T","T/T","T/T","T/T","T/T","T/T","T/T","T/T","T/T","T/T","T/T","T/T","T/T","T/T","T/T","T/T","T/T","T/T","T/T","T/T","T/T","T/T","T/T","T/T","T/T","T/T","T/T","T/T","T/T","T/T","T/T","T/T","T/T","T/T","T/T","-/-","T/T","T/T","T/T","T/T","T/T","T/T","T/T","T/T","T/T","T/T","T/T","T/T","T/T","T/T","T/T","T/T","T/T","T/T","T/T","T/T","T/T","T/T","T/T","T/T","T/T","T/T","T/T","T/T","T/T","T/T","-/-","T/T","T/T","T/T","T/T","T/T","T/T","T/T","T/T","T/T","T/T","T/T","T/T","T/T","T/T","T/T","T/T","T/T","T/T","T/T","T/T","T/T","T/T","T/T","T/T","T/T","T/T","T/T","T/T","T/T","T/T","T/T","T/T","T/T","T/T","T/T","T/T","T/T","T/T","T/T","T/T","T/T","T/T","T/T","T/T","T/T","T/T","T/T","T/T","T/T","T/T","-/-","T/T","T/T","T/T","T/T","T/T","T/T","T/T","T/T","T/T","T/T","T/T","T/T","T/T","T/T","T/T","T/T","T/T","T/T","T/T","T/T","T/T","T/T","T/T","T/T","T/T","T/T","T/T","T/T","T/T","T/T","T/T","T/T","T/T","T/T","T/T","T/T","T/T","T/T","T/T","T/T","T/T","T/T","T/T","T/T","T/T","T/T","T/T","-/-","T/T","T/T","T/T","T/T","-/-","T/T","T/T","T/T","T/T","T/T","T/T","T/T","T/T","T/T","T/T","T/T","T/T","-/-","T/T","T/T","T/T","T/T","T/T","T/T","T/T","T/T","T/T","T/T","T/T","T/T","T/T","T/T","T/T","T/T","T/T","T/T","T/T","T/T","T/T","T/T","T/T","T/T","T/T","T/T","C/T","T/T","T/T","T/T","T/T","T/T","T/T","T/T","T/T","C/T","T/T","T/T","C/C","C/C","T/T","T/T","T/T","T/T","T/T","T/T","T/T","T/T","T/T","T/T","T/T","T/T","T/T","T/T","T/T","T/T","T/T","T/T","T/T","T/T","T/T","T/T","T/T","T/T","T/T","T/T","T/T","T/T","T/T","T/T","T/T","T/T","T/T","T/T","T/T","T/T","T/T","T/T","T/T","T/T","T/T","T/T","T/T","T/T","T/T","T/T","T/T","T/T","T/T","T/T","T/T","T/T","T/T","T/T","T/T","T/T","T/T","T/T","T/T","T/T","T/T","T/T","T/T","T/T","T/T","T/T","T/T","T/T","T/T","T/T","T/T","T/T","T/T","T/T","T/T","T/T","T/T","T/T","T/T","T/T","T/T","T/T","T/T","T/T","T/T","T/T","T/T","T/T","T/T","T/T","T/T","T/T","T/T","T/T","T/T","T/T","T/T","T/T","T/T","T/T","T/T","T/T","T/T","T/T","T/T","T/T","T/T","T/T","T/T","T/T","T/T","T/T","T/T","T/T","T/T","T/T","T/T","T/T","T/T","T/T","T/T","T/T","T/T","T/T","T/T","T/T","T/T","T/T","T/T","T/T","T/T","T/T","T/T","T/T","T/T","T/T","T/T","T/T","T/T","T/T","T/T","-/-","T/T","T/T","-/-","T/T","T/T","T/T","T/T","T/T","T/T","T/T","T/T","T/T","T/T","T/T","T/T","T/T","T/T","T/T","T/T","T/T","T/T","T/T","T/T","T/T","T/T","T/T","T/T","T/T","T/T","T/T","T/T","T/T","T/T","T/T","T/T","T/T","T/T","-/-","T/T","T/T","T/T","T/T","T/T","T/T","T/T","T/T","T/T","T/T","T/T","T/T","T/T","T/T","T/T","T/T","T/T","T/T","T/T","T/T","T/T","T/T","-/-","T/T","T/T","T/T","T/T","T/T","T/T","T/T","T/T","T/T","T/T","T/T","T/T","T/T","T/T","T/T","T/T","T/T","T/T","T/T","T/T","T/T","T/T","T/T","T/T","T/T","T/T","T/T","T/T","T/T","T/T","T/T","T/T","T/T","T/T","T/T","T/T","T/T","T/T","T/T","-/-","T/T","T/T","T/T","T/T","T/T","T/T","T/T","T/T","T/T","T/T","T/T","T/T","T/T","T/T","T/T","T/T","T/T","T/T","T/T","T/T","T/T","T/T","T/T","T/T","T/T","T/T","T/T","T/T","T/T","T/T","T/T","T/T","T/T","T/T","-/-","T/T","T/T","T/T","T/T","T/T","T/T","T/T","T/T","T/T","T/T","T/T","T/T","T/T","T/T","T/T","T/T","T/T","T/T","T/T","T/T","T/T","T/T","T/T","T/T","T/T","T/T","T/T","T/T","T/T","T/T","T/T","T/T","T/T","T/T","T/T","-/-","T/T","T/T","T/T","T/T","T/T","T/T","T/T","T/T","T/T","T/T","T/T","T/T","T/T","T/T","T/T","T/T","T/T","T/T","T/T","T/T","T/T","T/T","T/T","T/T","T/T","T/T","T/T","T/T","T/T","T/T","T/T","T/T","T/T","T/T","T/T","T/T","T/T","T/T","T/T","T/T","T/T","T/T","T/T","T/T","T/T","T/T","T/T","T/T","T/T","T/T","T/T","T/T","T/T","T/T","T/T","T/T","T/T","C/C","C/C","C/C","C/C","T/T","T/T","T/T","T/T","T/T","T/T","T/T","T/T","T/T","T/T","T/T","T/T","T/T","T/T","T/T","T/T","T/T","T/T","T/T","T/T"
"513","PZA01637.4","4","180273983","C/C","C/C","C/C","C/C","C/C","C/C","C/C","C/C","C/C","C/C","C/C","A/A","-/-","C/C","C/C","C/C","C/C","C/C","C/C","C/C","C/C","C/C","C/C","C/C","C/C","C/C","C/C","C/C","C/C","C/C","C/C","C/C","C/C","C/C","C/C","C/C","C/C","C/C","C/C","C/C","C/C","C/C","C/C","C/C","C/C","C/C","C/C","C/C","C/C","C/C","C/C","C/C","C/C","C/C","C/C","C/C","C/C","C/C","C/C","C/C","C/C","C/C","C/C","C/C","C/C","C/C","C/C","C/C","C/C","C/C","C/C","C/C","C/C","C/C","C/C","C/C","C/C","C/C","C/C","C/C","C/C","C/C","C/C","C/C","C/C","C/C","C/C","C/C","C/C","C/C","C/C","C/C","C/C","C/C","C/C","C/C","C/C","C/C","C/C","C/C","C/C","C/C","C/C","A/C","C/C","C/C","C/C","C/C","C/C","C/C","C/C","C/C","C/C","C/C","C/C","A/C","A/C","C/C","C/C","A/C","C/C","C/C","C/C","C/C","A/C","C/C","C/C","C/C","A/C","A/C","A/A","C/C","A/C","A/A","C/C","C/C","C/C","A/C","A/C","A/C","A/C","A/C","C/C","A/A","C/C","C/C","C/C","A/C","C/C","C/C","C/C","A/A","C/C","C/C","A/A","A/C","A/C","C/C","C/C","A/C","A/C","C/C","C/C","C/C","C/C","C/C","C/C","C/C","C/C","C/C","C/C","C/C","C/C","C/C","C/C","C/C","C/C","C/C","C/C","C/C","A/C","C/C","C/C","C/C","C/C","C/C","C/C","C/C","C/C","C/C","A/A","C/C","C/C","C/C","C/C","C/C","C/C","C/C","C/C","C/C","C/C","C/C","C/C","C/C","C/C","C/C","C/C","C/C","C/C","C/C","C/C","C/C","C/C","C/C","C/C","C/C","C/C","C/C","C/C","C/C","C/C","C/C","C/C","C/C","C/C","C/C","C/C","C/C","C/C","C/C","C/C","C/C","C/C","C/C","C/C","C/C","C/C","C/C","C/C","C/C","-/-","C/C","C/C","C/C","C/C","C/C","C/C","C/C","C/C","C/C","C/C","C/C","C/C","C/C","C/C","C/C","C/C","C/C","C/C","C/C","C/C","C/C","C/C","C/C","C/C","C/C","C/C","C/C","C/C","C/C","C/C","C/C","C/C","C/C","C/C","C/C","C/C","C/C","C/C","C/C","C/C","C/C","C/C","C/C","C/C","C/C","C/C","C/C","C/C","C/C","C/C","C/C","C/C","C/C","C/C","C/C","C/C","C/C","C/C","C/C","C/C","C/C","C/C","C/C","C/C","C/C","C/C","C/C","C/C","C/C","C/C","C/C","C/C","C/C","C/C","C/C","C/C","C/C","C/C","C/C","C/C","C/C","C/C","C/C","C/C","C/C","C/C","C/C","C/C","C/C","C/C","C/C","C/C","C/C","C/C","C/C","C/C","C/C","C/C","C/C","C/C","C/C","C/C","C/C","C/C","C/C","C/C","C/C","C/C","C/C","C/C","C/C","C/C","C/C","C/C","C/C","C/C","C/C","C/C","C/C","C/C","C/C","C/C","C/C","C/C","C/C","C/C","C/C","C/C","C/C","C/C","C/C","C/C","C/C","C/C","C/C","C/C","C/C","C/C","C/C","C/C","C/C","C/C","C/C","C/C","C/C","C/C","C/C","C/C","C/C","C/C","C/C","C/C","C/C","C/C","C/C","C/C","C/C","C/C","C/C","C/C","C/C","C/C","C/C","C/C","C/C","C/C","C/C","C/C","C/C","C/C","C/C","C/C","C/C","C/C","C/C","C/C","C/C","C/C","C/C","C/C","C/C","C/C","C/C","C/C","C/C","C/C","C/C","C/C","C/C","C/C","C/C","C/C","C/C","C/C","C/C","C/C","C/C","C/C","C/C","C/C","C/C","C/C","C/C","C/C","C/C","C/C","C/C","C/C","C/C","-/-","C/C","C/C","C/C","C/C","C/C","C/C","C/C","C/C","C/C","C/C","C/C","C/C","C/C","C/C","C/C","C/C","C/C","C/C","C/C","C/C","C/C","C/C","C/C","C/C","C/C","C/C","C/C","C/C","C/C","C/C","C/C","C/C","C/C","C/C","C/C","C/C","C/C","C/C","C/C","C/C","C/C","C/C","C/C","C/C","C/C","C/C","C/C","C/C","C/C","C/C","C/C","C/C","C/C","C/C","C/C","C/C","C/C","C/C","C/C","C/C","C/C","C/C","C/C","C/C","C/C","C/C","C/C","C/C","C/C","C/C","C/C","C/C","C/C","C/C","C/C","C/C","C/C","C/C","C/C","C/C","C/C","C/C","C/C","C/C","C/C","C/C","C/C","C/C","C/C","C/C","C/C","C/C","C/C","C/C","C/C","C/C","C/C","C/C","C/C","C/C","C/C","C/C","C/C","C/C","C/C","C/C","C/C","C/C","C/C","C/C","C/C","C/C","C/C","C/C","C/C","C/C","C/C","C/C","C/C","C/C","C/C","C/C","C/C","C/C","A/C","C/C","C/C","A/A","A/A","C/C","C/C","C/C","C/C","C/C","C/C","C/C","C/C","C/C","C/C","C/C","C/C","C/C","C/C","C/C","C/C","C/C","C/C","C/C","C/C","C/C","C/C","C/C","C/C","C/C","C/C","C/C","C/C","C/C","C/C","C/C","C/C","C/C","C/C","C/C","C/C","C/C","C/C","C/C","C/C","C/C","C/C","C/C","C/C","C/C","C/C","C/C","C/C","C/C","C/C","C/C","C/C","C/C","C/C","C/C","C/C","C/C","C/C","C/C","C/C","C/C","C/C","C/C","C/C","C/C","C/C","C/C","C/C","C/C","C/C","C/C","C/C","C/C","C/C","C/C","C/C","C/C","C/C","C/C","C/C","C/C","C/C","C/C","C/C","C/C","C/C","C/C","C/C","C/C","C/C","C/C","C/C","C/C","C/C","C/C","C/C","C/C","C/C","C/C","C/C","C/C","C/C","C/C","C/C","C/C","C/C","C/C","C/C","C/C","C/C","C/C","C/C","C/C","C/C","C/C","C/C","C/C","C/C","C/C","C/C","C/C","C/C","C/C","C/C","C/C","C/C","C/C","C/C","C/C","C/C","C/C","C/C","C/C","C/C","C/C","C/C","C/C","C/C","C/C","C/C","C/C","C/C","C/C","C/C","C/C","C/C","C/C","C/C","-/-","C/C","C/C","C/C","C/C","C/C","C/C","C/C","C/C","C/C","C/C","C/C","C/C","C/C","C/C","C/C","C/C","C/C","C/C","C/C","C/C","C/C","C/C","C/C","C/C","C/C","C/C","C/C","C/C","C/C","C/C","C/C","C/C","C/C","C/C","C/C","C/C","C/C","C/C","C/C","C/C","C/C","C/C","C/C","C/C","C/C","C/C","C/C","C/C","C/C","C/C","C/C","C/C","C/C","C/C","C/C","C/C","C/C","C/C","C/C","C/C","C/C","C/C","C/C","C/C","C/C","C/C","C/C","C/C","C/C","C/C","C/C","C/C","C/C","C/C","C/C","C/C","C/C","C/C","C/C","C/C","C/C","C/C","C/C","C/C","C/C","C/C","C/C","C/C","C/C","C/C","C/C","C/C","C/C","C/C","C/C","C/C","C/C","C/C","C/C","C/C","C/C","C/C","C/C","C/C","C/C","C/C","C/C","C/C","C/C","C/C","C/C","C/C","C/C","C/C","C/C","C/C","C/C","C/C","C/C","C/C","C/C","C/C","C/C","C/C","C/C","C/C","C/C","C/C","C/C","C/C","C/C","C/C","C/C","C/C","C/C","C/C","C/C","C/C","C/C","C/C","C/C","C/C","C/C","C/C","C/C","C/C","C/C","C/C","C/C","C/C","C/C","C/C","C/C","C/C","C/C","C/C","C/C","C/C","C/C","C/C","C/C","C/C","C/C","C/C","-/-","C/C","C/C","C/C","C/C","C/C","C/C","C/C","C/C","C/C","C/C","C/C","C/C","C/C","C/C","C/C","C/C","C/C","C/C","C/C","C/C","C/C","C/C","C/C","C/C","C/C","C/C","C/C","C/C","C/C","C/C","C/C","C/C","C/C","C/C","C/C","C/C","C/C","C/C","C/C","C/C","C/C","C/C","C/C","C/C","C/C","C/C","C/C","C/C","C/C","C/C","C/C","C/C","C/C","C/C","C/C","C/C","C/C","A/A","A/A","A/A","A/A","-/-","C/C","C/C","C/C","C/C","C/C","C/C","C/C","C/C","C/C","C/C","C/C","C/C","C/C","C/C","C/C","C/C","C/C","C/C","C/C"
"915","PZD00030.5","4","177976199","-/-","A/A","A/A","A/T","-/-","T/T","A/A","A/T","A/T","A/A","A/A","A/A","A/A","T/T","A/T","A/A","A/A","A/A","A/A","A/A","A/A","A/T","A/A","A/A","A/A","A/T","A/T","A/A","A/A","A/A","A/A","A/A","A/A","A/A","A/A","A/A","A/T","A/A","A/A","A/A","A/A","A/T","A/A","A/T","A/T","A/A","A/A","A/A","A/A","T/T","A/A","A/T","A/A","T/T","A/T","A/A","A/A","T/T","A/A","A/A","A/T","A/A","A/A","A/T","A/T","A/T","T/T","A/A","A/A","A/A","A/A","A/A","A/T","A/T","A/A","A/A","A/A","A/A","A/A","A/T","T/T","A/A","A/T","A/T","A/T","A/T","-/-","T/T","A/T","T/T","T/T","T/T","T/T","T/T","T/T","A/T","A/T","T/T","-/-","A/T","-/-","T/T","T/T","A/A","T/T","A/A","T/T","A/T","A/T","A/A","-/-","A/T","T/T","A/T","T/T","A/A","A/A","T/T","A/T","A/T","A/T","A/A","A/A","T/T","A/A","A/T","T/T","A/T","A/T","A/A","A/A","A/A","A/T","A/A","T/T","T/T","A/A","A/A","A/A","A/A","A/A","A/T","A/A","A/A","A/A","A/T","A/T","A/T","A/T","A/T","T/T","A/A","T/T","A/A","A/A","A/A","A/A","A/T","A/T","A/A","A/T","A/A","A/A","A/A","A/T","A/A","A/A","A/T","A/A","A/A","T/T","A/A","T/T","A/A","A/T","A/A","A/A","A/A","A/A","A/A","A/T","A/T","A/T","A/A","-/-","A/A","T/T","A/A","A/A","T/T","A/A","A/T","A/A","A/A","A/T","A/A","A/A","A/A","A/T","A/A","A/A","A/A","A/A","A/T","A/A","A/A","A/A","A/A","A/A","A/A","A/A","A/A","A/A","A/A","A/A","A/A","A/T","A/A","A/A","A/A","A/A","A/A","A/A","A/A","A/A","A/A","A/A","A/A","A/A","A/A","A/A","A/T","A/A","A/A","A/A","A/A","A/A","A/A","A/A","A/A","A/T","A/T","A/T","A/A","A/A","A/A","A/A","A/A","A/A","A/T","A/A","-/-","A/A","A/T","A/A","A/A","A/A","A/A","A/A","A/A","A/T","A/A","A/A","A/A","A/A","A/T","A/A","A/A","A/A","A/A","A/A","A/A","A/A","A/A","A/A","A/A","A/A","A/T","A/A","A/A","A/A","A/A","A/A","A/A","A/A","A/A","A/A","A/A","-/-","A/A","A/A","A/A","A/A","A/A","A/A","A/A","A/A","A/A","A/A","A/A","A/A","A/A","A/A","A/A","A/A","A/A","A/A","A/A","A/A","A/A","A/A","A/T","A/A","A/A","A/T","A/A","A/A","A/A","A/T","A/A","A/A","A/A","A/A","A/T","A/A","A/T","A/T","A/A","A/A","A/T","A/A","A/A","A/A","A/T","A/T","A/A","A/A","A/A","A/A","A/A","A/A","A/T","A/T","A/T","A/T","A/A","A/A","A/T","A/T","A/T","A/A","A/A","A/A","A/A","A/A","A/A","A/A","A/A","A/A","A/A","A/A","A/A","A/A","A/T","A/T","A/A","A/A","A/A","A/A","A/T","A/A","A/A","A/T","A/A","A/A","A/T","A/A","A/A","A/A","A/T","A/T","A/A","A/A","A/A","A/T","A/A","A/T","A/A","T/T","A/A","A/T","A/A","A/A","A/A","A/T","A/T","A/A","A/A","A/A","A/A","A/A","A/T","A/A","A/A","A/T","A/T","A/A","A/A","A/A","A/A","A/T","A/A","A/A","A/A","A/A","A/A","A/A","A/A","A/A","A/T","A/T","A/A","A/A","A/A","A/A","A/A","A/A","A/A","A/A","A/A","A/A","A/A","A/A","A/A","A/A","A/A","A/T","A/A","-/-","A/A","A/A","A/T","A/T","T/T","A/T","A/T","A/A","A/A","A/A","A/A","A/A","A/A","A/T","A/A","A/T","A/A","A/A","A/A","A/T","A/A","A/A","A/T","A/A","A/A","A/A","A/A","A/T","A/A","A/A","A/A","A/A","A/T","A/A","A/A","A/A","A/A","A/A","A/A","A/A","A/A","A/T","A/A","A/A","A/A","A/A","A/A","A/A","A/A","A/A","A/T","A/A","A/A","A/A","A/T","A/A","A/T","A/A","A/A","A/A","A/A","T/T","A/A","A/A","A/A","A/A","A/A","A/A","A/A","A/A","A/A","A/A","A/A","A/A","A/A","A/A","A/T","A/A","A/A","A/A","A/A","A/A","A/A","A/A","A/A","A/A","A/A","A/T","A/A","A/A","A/A","A/A","A/A","A/A","A/A","A/A","A/A","A/A","A/A","A/A","A/A","A/A","A/A","A/A","A/A","A/A","A/A","A/A","A/A","A/A","A/A","A/A","A/A","A/A","A/A","A/A","A/A","A/A","A/A","A/A","A/A","A/A","A/A","A/T","A/T","A/A","A/T","A/T","A/A","A/A","A/A","A/A","A/A","T/T","T/T","A/A","A/A","A/A","A/T","A/A","A/A","A/T","A/A","A/A","A/A","A/A","A/A","A/A","A/T","A/A","A/A","A/T","A/A","A/A","A/A","A/T","A/A","A/A","A/A","A/A","A/T","A/A","A/A","A/A","A/A","A/T","A/A","A/A","A/A","A/A","A/A","A/A","A/A","A/A","A/A","A/T","A/A","A/T","A/T","A/A","A/A","A/A","A/A","A/A","-/-","A/A","T/T","A/A","T/T","A/A","A/A","A/T","T/T","A/A","A/T","A/A","A/A","A/A","A/T","A/A","A/A","A/A","A/T","T/T","A/A","A/A","A/A","A/T","A/A","A/A","A/T","A/A","A/A","A/A","A/A","A/A","A/A","A/A","A/A","A/A","A/T","A/A","A/A","A/A","A/T","A/A","A/A","A/T","A/A","A/T","A/T","A/A","A/A","A/A","A/A","A/A","A/T","A/A","A/A","A/A","A/A","A/A","A/A","A/A","A/A","A/A","A/A","A/A","A/A","A/A","A/T","A/A","A/A","A/A","A/A","A/A","A/A","A/A","A/A","A/A","A/A","A/A","A/A","A/A","A/A","A/A","A/A","A/A","A/A","A/A","A/A","A/A","A/A","A/A","A/A","A/A","A/A","A/A","A/A","A/A","A/T","A/A","A/A","A/A","A/A","A/A","A/A","A/A","A/A","A/A","A/A","A/A","A/A","A/A","A/T","A/T","A/A","A/A","A/A","A/A","A/A","A/T","A/A","A/A","A/A","A/A","A/A","A/A","A/A","A/A","A/A","A/T","A/A","A/A","A/A","A/T","A/A","A/A","A/A","A/A","T/T","A/A","A/A","A/A","A/A","A/T","A/T","A/A","A/A","A/A","A/A","A/A","A/A","A/A","A/A","A/A","A/T","A/A","A/A","A/A","A/A","A/A","A/A","A/A","A/T","A/A","A/T","A/A","-/-","A/A","A/A","A/T","A/A","A/A","A/A","A/A","A/A","A/A","A/A","A/A","A/A","A/A","A/A","A/A","A/A","A/A","A/A","A/A","A/A","A/A","A/A","A/A","A/A","A/A","A/T","A/A","A/A","A/A","A/A","A/A","A/A","A/A","A/A","A/A","A/T","A/A","A/A","A/A","A/T","A/A","A/A","A/A","A/T","A/T","A/A","A/A","A/A","A/T","A/T","A/A","A/A","T/T","A/T","A/T","A/A","A/A","A/A","A/A","A/A","A/A","A/A","A/A","A/T","A/A","A/A","A/A","A/A","A/T","-/-","A/A","A/A","A/A","A/A","A/A","T/T","A/T","A/A","A/T","A/A","A/T","A/A","T/T","A/A","A/T","A/A","A/A","A/T","A/A","T/T","T/T","A/A","A/A","-/-","A/A","A/A","A/A","A/T","A/A","A/A","T/T","A/A","A/A","A/T","A/A","A/A","A/A","A/T","A/A","A/A","A/A","A/A","A/A","A/A","A/A","A/A","A/A","A/A","A/A","A/A","A/A","A/A","A/A","A/A","A/A","A/A","A/A","A/A","A/A","A/A","A/A","A/A","A/A","A/A","A/A","A/A","A/A","A/A","A/A","A/A","A/A","A/A","A/A","A/A","A/A","A/A","A/A","A/A","A/A","A/A","T/T","A/A","A/A","A/A","T/T","T/T","T/T","T/T","A/A","A/A","A/A","A/A","A/A","A/A","A/A","A/A","A/A","A/A","A/A","A/A","A/A","A/A","A/A","A/A","A/A","A/A","A/A","A/A","A/A","A/A","T/T","T/T","A/A","A/A","A/A","A/A","A/A"
"914","PZD00030.4","4","177975924","C/C","C/C","C/C","C/C","C/C","C/C","C/C","C/C","C/C","C/C","C/C","T/T","C/C","C/C","C/C","C/C","C/C","C/C","C/C","C/C","C/C","C/C","C/C","C/C","C/C","C/C","C/C","C/C","C/C","C/C","C/C","C/C","C/C","C/C","C/C","C/C","C/C","C/C","C/C","C/C","C/C","-/-","C/C","C/C","C/C","C/C","C/C","C/C","C/C","C/C","C/C","C/C","C/C","C/C","C/C","C/C","C/C","C/C","C/C","C/C","C/C","C/C","C/C","C/C","C/C","C/C","C/C","C/C","C/C","C/C","C/C","C/C","C/C","C/C","C/C","C/C","C/C","C/C","C/C","C/C","C/C","C/C","C/C","C/C","C/C","C/C","C/C","C/C","C/C","C/C","C/C","C/C","C/C","C/C","C/C","C/C","C/C","C/C","C/C","C/C","C/C","C/C","C/C","C/T","C/C","C/C","C/C","C/C","C/C","C/C","C/C","C/C","C/C","C/C","C/C","C/T","C/T","C/C","C/C","C/T","C/C","C/C","C/C","C/C","C/T","C/C","C/C","C/C","C/T","C/C","-/-","C/C","C/T","-/-","C/C","C/C","C/C","C/T","C/T","C/T","C/T","C/T","C/C","T/T","C/C","C/C","C/C","C/T","C/C","C/C","C/C","T/T","C/C","C/C","T/T","C/T","C/T","-/-","C/C","C/T","C/T","-/-","C/C","C/C","C/C","C/C","C/C","C/C","C/C","C/C","C/C","C/C","C/C","C/C","C/C","C/C","C/C","C/C","C/C","C/C","C/T","C/C","C/C","C/C","C/C","C/C","C/C","C/C","C/C","C/C","T/T","C/C","C/C","C/C","C/C","C/C","C/C","C/C","C/C","C/C","C/C","C/C","C/C","C/C","C/C","C/C","C/C","C/C","C/C","C/C","C/C","C/C","C/C","C/C","C/C","C/C","C/C","C/C","C/C","C/C","C/C","C/C","C/C","C/C","C/C","C/C","C/C","C/C","C/C","C/C","C/C","C/C","C/C","C/C","C/C","C/C","C/C","C/C","C/C","C/C","C/C","C/C","C/C","C/C","C/C","C/C","C/C","C/C","C/C","C/C","C/C","C/C","C/C","C/C","C/C","C/C","C/C","C/C","C/C","C/C","C/C","C/C","C/C","C/C","C/C","C/C","C/C","C/C","C/C","C/C","C/C","C/C","C/C","C/C","C/C","C/C","C/C","C/C","C/C","C/C","C/C","C/C","C/C","C/C","C/C","C/C","C/C","C/C","C/C","-/-","C/C","C/C","C/C","-/-","C/C","C/C","C/C","C/C","C/C","C/C","C/C","C/C","C/C","C/C","C/C","C/C","C/C","C/C","C/C","C/C","C/C","C/C","C/C","C/C","C/C","C/C","C/C","C/C","C/C","C/C","C/C","C/C","C/C","C/C","C/C","C/C","-/-","-/-","C/C","C/C","C/C","C/C","C/C","C/C","C/C","C/C","C/C","C/C","C/C","C/C","C/C","C/C","C/C","C/C","C/C","C/C","C/C","C/C","C/C","C/C","C/C","C/C","C/C","-/-","-/-","C/C","C/C","C/C","C/C","C/C","C/C","-/-","C/C","C/C","C/C","C/C","C/C","C/C","C/C","C/C","C/C","C/C","C/C","C/C","C/C","C/C","C/C","C/C","C/C","C/C","C/C","C/C","C/C","C/C","C/C","C/C","C/C","C/C","C/C","C/C","C/C","C/C","C/C","C/C","C/C","C/C","C/C","C/C","C/C","C/C","C/C","C/C","C/C","C/C","C/C","C/C","C/C","C/C","C/C","C/C","C/C","C/C","C/C","C/C","C/C","C/C","C/C","C/C","C/C","C/C","C/C","C/C","C/C","C/C","C/C","C/C","C/C","C/C","C/C","C/C","C/C","C/C","C/C","C/C","C/C","C/C","C/C","C/C","C/C","C/C","C/C","C/C","C/C","C/C","C/C","C/C","C/C","C/C","C/C","C/C","C/C","C/C","C/C","C/C","C/C","C/C","C/C","C/C","-/-","C/C","C/C","C/C","C/C","C/C","C/C","C/C","C/C","C/C","C/C","C/C","C/C","C/C","C/C","C/C","C/C","C/C","C/C","C/C","C/C","C/C","-/-","C/C","C/C","C/C","C/C","C/C","C/C","C/C","C/C","C/C","C/C","-/-","C/C","C/C","C/C","C/C","C/C","C/C","C/C","C/C","C/C","C/C","C/C","C/C","C/C","C/C","C/C","C/C","C/C","C/C","C/C","C/C","C/C","C/C","C/C","C/C","C/C","C/C","C/C","C/C","C/C","C/C","C/C","C/C","C/C","C/C","C/C","C/C","C/C","C/C","C/C","C/C","C/C","C/C","C/C","C/C","C/C","C/C","C/C","C/C","C/C","C/C","C/C","C/C","C/C","C/C","C/C","C/C","C/C","C/C","C/C","C/C","C/C","C/C","C/C","C/C","C/C","C/C","-/-","C/C","C/C","C/C","C/C","C/C","C/C","C/C","C/C","C/C","C/C","C/C","C/C","C/C","C/C","C/C","C/C","C/T","C/C","C/C","T/T","T/T","C/C","C/C","C/C","C/C","C/C","C/C","C/C","C/C","C/C","C/C","C/C","C/C","C/C","C/C","C/C","C/C","C/C","C/C","C/C","C/C","C/C","C/C","C/C","C/C","C/C","C/C","C/C","-/-","C/C","C/C","C/C","C/C","C/C","C/C","C/C","C/C","C/C","C/C","C/C","C/C","C/C","C/C","C/C","C/C","C/C","C/C","C/C","C/C","C/C","C/C","C/C","C/C","C/C","C/C","C/C","C/C","C/C","C/C","C/C","C/C","C/C","C/C","C/C","C/C","C/C","-/-","C/C","C/C","C/C","C/C","C/C","C/C","C/C","C/C","C/C","C/C","C/C","C/C","C/C","C/C","C/C","C/C","C/C","C/C","C/C","C/C","-/-","C/C","C/C","C/C","C/C","C/C","C/C","C/C","C/C","C/C","C/C","C/C","C/C","C/C","C/C","C/C","C/C","C/C","C/C","C/C","C/C","C/C","C/C","C/C","-/-","C/C","C/C","C/C","C/C","C/C","C/C","C/C","C/C","C/C","C/C","C/C","C/C","C/C","C/C","C/C","C/C","C/C","C/C","C/C","C/C","C/C","C/C","C/C","C/C","C/C","C/C","C/C","C/C","C/C","C/C","C/C","C/C","C/C","C/C","C/C","C/C","C/C","C/C","C/C","-/-","C/C","C/C","C/C","C/C","C/C","C/C","C/C","C/C","C/C","C/C","C/C","C/C","C/C","C/C","C/C","C/C","C/C","C/C","C/C","C/C","C/C","C/C","C/C","C/C","C/C","C/C","C/C","C/C","C/C","C/C","C/C","C/C","C/C","C/C","C/C","C/C","C/C","C/C","C/C","C/C","C/C","C/C","C/C","C/C","C/C","C/C","C/C","C/C","C/C","C/C","C/C","C/C","C/C","-/-","C/C","C/C","C/C","C/C","C/C","C/C","C/C","C/C","C/C","C/C","C/C","C/C","C/C","C/C","C/C","C/C","C/C","C/C","C/C","C/C","C/C","C/C","C/C","C/C","C/C","C/C","C/C","C/C","C/C","C/C","C/C","C/C","C/C","C/C","C/C","C/C","C/C","C/C","C/C","C/C","C/C","C/C","C/C","C/C","C/C","C/C","C/C","C/C","C/C","C/C","C/C","C/C","C/C","C/C","C/C","C/C","-/-","C/C","C/C","C/C","C/C","C/C","C/C","C/C","C/C","C/C","C/C","C/C","-/-","C/C","C/C","C/C","C/C","C/C","C/C","C/C","C/C","C/C","C/C","C/C","C/C","C/C","C/C","C/C","C/C","C/C","C/C","C/C","C/C","C/C","C/C","C/C","C/C","C/C","C/C","C/C","C/C","C/C","C/C","C/C","C/C","C/C","C/C","C/C","C/C","C/C","C/C","C/C","C/C","C/C","C/C","C/C","-/-","C/C","C/C","C/C","C/C","C/C","C/C","C/C","C/C","C/C","C/C","C/C","C/C","C/C","C/C","C/C","C/C","C/C","C/C","C/C","C/C","C/C","C/C","C/C","C/C","C/C","C/C","C/C","C/C","C/C","C/C","C/C","C/C","C/C","C/C","C/C","C/C","C/C","C/C","C/C","C/C","C/C","C/C","C/C","C/C","C/C","C/C","C/C","C/C","C/C","C/C","C/C","C/C","C/C","T/T","T/T","T/T","T/T","C/C","C/C","C/C","C/C","C/C","C/C","C/C","C/C","C/C","C/C","C/C","C/C","C/C","C/C","C/C","C/C","C/C","C/C","C/C","C/C"
"916","PZD00030.6","4","177975706","C/C","C/C","C/C","C/C","C/C","C/C","C/C","C/C","C/C","C/C","C/C","C/C","C/C","C/C","C/C","C/C","C/C","C/C","C/C","C/C","C/C","C/C","C/C","C/C","C/C","C/C","C/C","C/C","C/C","C/C","C/C","C/C","C/C","C/C","C/C","C/C","C/C","C/C","C/C","C/C","C/C","C/C","C/C","C/C","C/C","C/C","C/C","C/C","C/C","C/C","C/C","C/C","C/C","C/C","C/C","C/C","C/C","C/C","C/C","C/C","C/C","C/C","C/C","C/C","C/C","C/C","C/C","-/-","C/C","C/C","C/C","C/C","C/C","C/C","C/C","C/C","C/C","C/C","C/C","C/C","C/C","C/C","C/C","C/C","C/C","C/C","C/C","C/C","C/C","C/C","C/C","C/C","C/C","C/C","C/C","C/C","C/C","C/C","C/C","C/C","C/C","C/C","C/C","C/C","C/C","C/C","C/C","C/C","C/C","C/C","C/C","C/C","C/C","C/C","C/C","C/C","C/C","C/C","C/C","C/C","C/C","C/C","C/C","C/C","C/C","C/C","C/C","C/C","C/C","C/C","-/-","C/C","C/C","C/C","C/C","C/C","C/C","C/C","C/C","C/T","C/C","C/C","C/C","C/C","C/C","C/C","C/C","C/C","C/C","C/C","C/C","C/C","C/C","-/-","C/C","C/C","C/C","C/C","C/C","C/C","C/C","C/C","C/C","C/C","C/C","C/C","C/C","C/C","C/C","C/C","C/C","C/C","C/C","C/C","C/C","C/C","C/C","C/C","C/C","C/C","C/C","C/C","C/C","C/C","C/C","C/C","C/C","C/C","C/C","C/C","C/C","C/C","C/C","C/C","C/C","C/C","C/C","C/C","C/C","C/C","-/-","C/C","C/C","C/C","C/C","C/C","C/C","C/C","C/C","C/C","C/C","C/C","C/C","C/C","C/C","C/C","C/C","C/C","C/C","C/C","C/C","C/C","C/C","C/C","C/C","C/C","C/C","C/C","C/C","C/C","C/C","C/C","C/C","C/C","C/C","C/C","C/C","C/C","C/C","C/C","C/C","C/C","C/C","C/C","C/C","C/C","C/C","C/C","C/C","C/C","C/C","C/C","C/C","C/C","C/C","C/C","C/C","C/C","C/C","C/C","C/C","C/C","C/C","C/C","C/C","C/C","C/C","C/C","C/C","C/C","C/C","C/C","C/C","-/-","C/C","C/C","C/C","C/C","C/C","C/C","C/C","C/C","C/C","C/C","C/C","C/C","C/C","C/C","C/C","C/C","C/C","C/C","C/C","C/C","C/C","C/C","C/C","C/C","C/C","C/C","C/C","C/C","C/C","C/C","C/C","C/C","C/C","C/C","C/C","C/C","C/C","C/C","C/C","C/C","C/C","C/C","C/C","C/C","C/C","C/C","C/C","C/C","C/C","C/C","C/C","C/C","C/C","C/C","C/C","C/C","C/C","C/C","C/C","C/C","C/C","C/C","C/C","C/C","C/C","C/C","C/C","C/C","C/C","C/C","C/C","C/C","-/-","C/C","C/C","C/C","C/C","C/C","C/C","C/C","C/C","C/C","C/C","C/C","C/C","C/C","C/C","C/C","C/C","C/C","C/C","C/C","C/C","C/C","C/C","C/C","C/C","C/C","C/C","C/C","C/C","C/C","C/C","C/C","C/C","C/C","C/C","C/C","C/C","C/C","C/C","C/C","C/C","C/C","C/C","C/C","C/C","C/C","C/C","C/C","C/C","C/C","C/C","C/C","C/C","C/C","C/C","C/C","C/C","C/C","C/C","C/C","C/C","C/C","C/C","C/C","C/C","C/C","C/C","C/C","C/C","C/C","C/C","C/C","C/C","C/C","C/C","C/C","C/C","C/C","C/C","C/C","C/C","C/C","C/C","C/C","C/C","C/C","C/C","C/C","C/C","C/C","C/C","C/C","C/C","C/C","C/C","C/C","C/C","C/C","C/C","C/C","C/C","C/C","C/C","C/C","C/C","C/C","C/C","C/C","C/C","C/C","C/C","C/C","C/C","C/C","C/C","C/C","C/C","C/C","C/C","C/C","C/C","C/C","C/C","C/C","C/C","C/C","C/C","C/C","C/C","C/C","C/C","C/C","C/C","C/C","C/C","C/C","C/C","C/C","C/C","C/C","C/C","C/C","-/-","C/C","C/C","C/C","C/C","C/C","C/C","C/C","C/C","C/C","C/C","C/C","C/C","C/C","C/C","C/C","C/C","C/C","C/C","C/C","C/C","C/C","C/C","C/C","C/C","C/C","C/C","C/C","C/C","C/C","C/C","C/C","C/C","C/C","C/C","C/C","C/C","C/C","C/C","C/C","C/C","C/C","C/C","C/C","C/C","C/C","C/C","C/C","-/-","C/C","C/C","C/C","C/C","C/C","C/C","C/C","C/C","C/C","C/C","C/C","C/C","C/C","C/C","C/C","C/C","C/C","C/C","C/C","C/C","C/C","C/C","C/C","C/C","C/C","C/C","C/C","C/C","C/C","C/C","C/C","C/C","C/C","C/C","C/C","C/C","C/C","C/C","C/T","C/C","C/C","T/T","C/C","C/C","C/C","C/C","C/C","C/C","C/C","C/C","C/C","C/C","C/C","C/C","C/C","C/C","C/C","C/C","C/C","C/C","C/C","C/C","C/C","C/C","C/C","C/C","C/C","C/C","C/C","C/C","C/C","C/C","C/C","C/C","C/C","C/C","C/C","C/C","C/C","C/C","C/C","C/C","C/C","C/C","C/C","C/C","C/C","C/C","C/C","C/C","C/C","C/C","C/C","C/C","C/C","C/C","C/C","C/C","C/C","C/C","C/C","C/C","C/C","-/-","C/C","C/C","C/C","C/C","C/C","C/C","C/C","C/C","C/C","C/C","C/C","C/C","C/C","C/C","C/C","C/C","C/C","C/C","C/C","C/C","C/C","C/C","C/C","C/C","C/C","C/C","C/C","C/C","C/C","C/C","C/C","C/C","C/C","C/C","C/C","C/C","C/C","C/C","C/C","C/C","C/C","C/C","C/C","C/C","C/C","C/C","C/C","C/C","C/C","C/C","C/C","C/C","C/C","C/C","C/C","C/C","C/C","C/C","C/C","C/C","C/C","C/C","C/C","C/C","C/C","C/C","C/C","C/C","C/C","C/C","C/C","C/C","C/C","C/C","C/C","C/C","C/C","C/C","C/C","C/C","C/C","C/C","C/C","C/C","C/C","C/C","C/C","C/C","-/-","C/C","C/C","C/C","C/C","C/C","C/C","C/C","C/C","C/C","C/C","C/C","C/C","C/C","C/C","C/C","C/C","C/C","C/C","-/-","C/C","C/C","C/C","C/C","C/C","C/C","C/C","C/C","C/C","C/C","C/C","C/C","C/C","C/C","C/C","C/C","C/C","C/C","C/C","C/C","C/C","C/C","C/C","C/C","C/C","C/C","C/C","C/C","C/C","C/C","C/C","C/C","C/C","C/C","C/C","C/C","C/C","C/C","C/C","C/C","C/C","C/C","C/C","C/C","C/C","C/C","C/C","C/C","C/C","C/C","C/C","C/C","C/C","C/C","C/C","C/C","C/C","C/C","C/C","C/C","C/C","C/C","C/C","C/C","C/C","C/C","C/C","C/C","C/C","C/C","C/C","C/C","C/C","C/C","C/C","C/C","C/C","C/C","C/C","C/C","C/C","C/C","C/C","C/C","C/C","C/C","C/C","C/C","C/C","C/C","C/C","C/C","C/C","C/C","C/C","C/C","C/C","C/C","C/C","C/C","C/C","C/C","C/C","C/C","C/C","C/C","C/C","C/C","-/-","C/C","C/C","C/C","C/C","C/C","C/C","C/C","C/C","C/C","C/C","C/C","C/C","C/C","C/C","C/C","C/C","C/C","C/C","C/C","C/C","C/C","C/C","C/C","C/C","C/C","C/C","C/C","C/C","C/C","C/C","C/C","C/C","C/C","C/C","C/C","C/C","C/C","C/C","C/C","C/C","C/C","C/C","C/C","C/C","C/C","C/C","C/C","C/C","C/C","C/C","C/C","C/C","C/C","C/C","C/C","C/C","C/C","C/C","C/C","C/C","C/C","C/C","C/C","C/C","C/C","C/C","C/C","C/C","C/C","C/C","C/C","C/C","C/C","C/C","C/C","C/C","C/C","C/C","C/C","C/C","C/C","C/C","C/C","C/C","C/C","C/C","C/C","C/C","C/C","C/C","C/C","C/C","C/C","T/T","T/T","T/T","T/T","C/C","C/C","C/C","C/C","C/C","C/C","C/C","C/C","C/C","C/C","-/-","C/C","C/C","C/C","C/C","C/C","C/C","C/C","C/C","C/C"
"913","PZD00030.1","4","177974968","C/C","C/C","C/C","C/C","C/C","C/C","C/C","C/C","C/C","C/C","C/C","T/T","C/C","C/C","C/C","C/C","C/C","C/C","C/C","C/C","C/C","C/C","C/C","C/C","C/C","C/C","C/C","C/C","C/C","C/C","C/C","C/C","C/C","C/C","C/C","C/C","C/C","C/C","C/C","C/C","C/C","C/C","C/C","C/C","C/C","C/C","C/C","C/C","C/C","C/C","C/C","C/C","C/C","C/C","C/C","C/C","C/C","C/C","C/C","C/C","C/C","C/C","C/C","C/C","C/C","C/C","C/C","C/C","C/C","C/C","C/C","C/C","C/C","C/C","C/C","C/C","C/C","C/C","C/C","C/C","C/C","C/C","C/C","C/C","C/C","C/C","C/C","C/C","C/C","C/C","C/C","C/C","C/C","C/C","C/C","C/C","C/C","C/C","C/C","C/C","C/C","C/C","C/C","C/T","C/C","C/C","C/C","C/C","C/C","C/C","C/C","-/-","C/C","C/C","C/C","C/T","C/T","C/C","C/C","C/T","C/C","C/C","C/C","C/C","C/T","C/C","C/C","C/C","C/T","C/T","-/-","C/C","C/T","-/-","C/C","C/C","C/C","C/T","C/T","C/T","C/T","C/T","C/C","C/C","C/C","C/C","C/C","C/C","C/C","C/C","C/C","T/T","C/C","C/C","C/C","C/C","C/C","C/C","C/C","C/T","C/C","C/C","C/C","C/C","C/C","C/C","C/C","C/C","-/-","C/C","C/C","C/C","C/C","C/C","C/C","C/C","C/C","C/C","C/C","C/C","C/T","C/C","C/C","C/C","C/C","C/C","C/C","C/C","C/C","C/C","T/T","C/C","C/C","C/C","-/-","C/C","C/C","C/C","C/C","C/C","-/-","C/C","C/C","C/C","C/C","C/C","C/C","C/C","C/C","C/C","C/C","C/C","C/C","C/C","C/C","C/C","C/C","C/C","C/C","C/C","C/C","-/-","C/C","C/C","C/C","C/C","C/C","C/C","C/C","C/C","C/C","C/C","C/C","C/C","C/C","C/C","C/C","C/C","C/C","C/C","C/C","C/C","C/C","C/C","C/C","C/C","C/C","C/C","C/C","C/C","C/C","C/C","C/C","C/C","C/C","C/C","C/C","C/C","-/-","C/C","C/C","C/C","C/C","C/C","C/C","C/C","C/C","C/C","C/C","C/C","C/C","C/C","C/C","C/C","C/C","C/C","C/C","C/C","C/C","C/C","C/C","C/C","C/C","C/C","C/C","C/C","C/C","C/C","C/C","C/C","C/C","C/C","C/C","C/C","C/C","C/C","C/C","C/C","C/C","C/C","C/C","C/C","-/-","C/C","C/C","C/C","C/C","C/C","C/C","C/C","C/C","C/C","C/C","C/C","C/C","C/C","-/-","C/C","C/C","C/C","C/C","C/C","C/C","C/C","C/C","C/C","C/C","C/C","C/C","C/C","C/C","C/C","C/C","C/C","C/C","C/C","C/C","C/C","C/C","C/C","C/C","C/C","C/C","C/C","C/C","C/C","C/C","C/C","C/C","C/C","C/C","C/C","C/C","C/C","C/C","C/C","C/C","C/C","C/C","C/C","C/C","-/-","C/C","C/C","C/C","C/C","C/C","C/C","C/C","C/C","C/C","C/C","C/C","C/C","C/C","C/C","C/C","C/C","C/C","C/C","C/C","C/C","C/C","C/T","C/C","C/C","C/C","C/C","C/C","C/C","C/C","C/C","C/C","C/C","C/C","C/C","C/C","C/C","C/C","C/C","C/C","C/C","C/C","-/-","C/C","C/C","C/C","C/C","C/C","C/C","C/C","C/C","C/C","C/C","C/C","C/C","C/C","C/C","C/C","C/C","C/C","C/C","C/C","C/C","C/C","C/C","C/C","C/C","C/C","C/C","C/C","C/C","C/C","C/C","C/C","C/C","C/C","C/C","C/C","C/C","C/C","C/C","C/C","C/C","C/C","C/C","C/C","C/C","C/C","C/C","C/C","C/C","C/C","C/C","C/C","C/C","C/C","C/C","C/C","C/C","C/C","C/C","C/C","C/C","C/C","C/C","C/C","C/C","C/C","C/C","C/C","C/C","C/C","C/C","C/C","C/C","C/C","C/C","C/C","C/C","C/C","C/C","C/C","C/C","C/C","C/C","C/C","C/C","C/C","C/C","C/C","C/C","C/C","C/C","C/C","C/C","C/C","C/C","C/C","C/C","-/-","C/C","C/C","C/C","C/C","C/C","C/C","C/C","C/C","C/C","C/C","C/C","C/C","C/C","C/C","C/C","C/C","C/C","C/C","C/C","C/C","C/C","C/C","C/C","C/C","C/C","C/C","C/C","C/C","C/C","C/C","C/C","C/C","C/C","C/C","C/C","C/C","C/C","C/C","C/C","C/C","C/C","C/C","C/C","C/C","C/C","C/C","C/C","C/C","C/C","C/C","C/C","C/C","C/C","C/C","C/C","C/C","C/C","C/C","C/C","C/C","C/C","C/C","C/C","C/C","-/-","C/C","C/C","C/C","C/C","C/C","C/C","C/C","C/C","C/C","C/T","-/-","C/C","T/T","T/T","C/C","C/C","C/C","C/C","C/C","C/C","C/C","C/C","C/C","C/C","C/C","C/C","C/C","C/C","C/C","-/-","C/C","C/C","C/C","C/C","C/C","C/C","C/C","C/C","C/C","C/C","C/C","C/C","C/C","C/C","C/C","C/C","C/C","C/C","C/C","C/C","C/C","C/C","C/C","C/C","C/C","C/C","C/C","C/C","C/C","C/C","C/C","C/C","C/C","C/C","C/C","C/C","C/C","C/C","C/C","C/C","C/C","C/C","C/C","C/C","C/C","C/C","C/C","C/C","C/C","-/-","C/C","C/C","C/C","C/C","C/C","C/C","C/C","C/C","C/C","C/C","C/C","C/C","C/C","C/C","C/C","C/C","C/C","C/C","C/C","C/C","C/C","C/C","C/C","C/C","C/C","C/C","C/C","C/C","C/C","C/C","C/C","C/C","C/C","C/C","C/C","C/C","C/C","C/C","C/C","C/C","C/C","C/C","C/C","C/C","C/C","C/C","C/C","C/C","C/C","C/C","C/C","C/C","C/C","C/C","C/C","C/C","C/C","C/C","C/C","C/C","C/C","C/C","C/C","C/C","C/C","C/C","C/C","C/C","C/C","C/C","C/C","C/C","C/C","C/C","C/C","C/C","C/C","C/C","C/C","C/C","C/C","C/C","C/C","C/C","C/C","C/C","C/C","C/C","C/C","C/C","C/C","C/C","C/C","C/C","C/C","C/C","-/-","C/C","C/C","C/C","C/C","C/C","C/C","C/C","C/C","C/C","C/C","C/C","C/C","C/C","C/C","C/C","C/C","C/C","C/C","C/C","C/C","C/C","C/C","C/C","C/C","C/C","C/C","C/C","C/C","C/C","C/C","C/C","C/C","C/C","C/C","C/C","C/C","C/C","C/C","C/C","C/C","C/C","C/C","C/C","C/C","C/C","C/C","C/C","C/C","C/C","C/C","C/C","C/C","C/C","C/C","C/C","C/C","C/C","C/C","C/C","C/C","C/C","C/C","C/C","C/C","C/C","C/C","C/C","C/C","C/C","C/C","C/C","C/C","C/C","C/C","C/C","C/C","C/C","C/C","C/C","C/C","C/C","C/C","C/C","C/C","C/C","C/C","C/C","C/C","C/C","C/C","C/C","C/C","C/C","C/C","C/C","C/C","C/C","C/C","C/C","C/C","C/C","C/C","C/C","C/C","C/C","C/C","C/C","C/C","C/C","C/C","C/C","C/C","C/C","C/C","-/-","C/C","C/C","C/C","C/C","C/C","C/C","C/C","C/C","C/C","C/C","C/C","C/C","C/C","C/C","C/C","C/C","C/C","C/C","C/C","C/C","C/C","C/C","C/C","C/C","C/C","C/C","C/C","C/C","C/C","C/C","C/C","C/C","C/C","C/C","C/C","C/C","C/C","C/C","C/C","C/C","C/C","C/C","C/C","C/C","C/C","C/C","C/C","C/C","C/C","C/C","C/C","C/C","C/C","C/C","C/C","C/C","C/C","C/C","C/C","C/C","C/C","C/C","C/C","C/C","C/C","C/C","C/C","C/C","C/C","C/C","C/C","C/C","-/-","C/C","C/C","C/C","-/-","C/C","-/-","C/C","C/C","C/C","C/C","C/C","C/C","C/C","C/C","C/C","C/C","C/C","C/C","C/C","C/C","T/T","T/T","T/T","T/T","-/-","C/C","C/C","C/C","C/C","C/C","C/C","C/C","C/C","C/C","C/C","C/C","C/C","C/C","C/C","C/C","C/C","C/C","C/C","C/C"
"534","PZA02825.8","4","173687507","C/C","C/C","C/T","C/T","C/T","C/C","C/T","C/C","C/T","C/C","T/T","C/C","C/T","C/C","C/C","C/C","-/-","C/T","C/C","C/C","-/-","C/C","C/T","C/T","C/C","C/T","C/C","C/C","C/C","C/C","C/C","C/C","C/T","C/C","C/T","C/T","C/C","C/T","C/C","C/C","C/T","C/C","C/T","C/C","C/C","C/T","C/C","C/C","C/C","C/C","C/C","C/C","C/C","C/C","C/C","C/T","C/C","C/T","C/C","C/T","C/T","C/T","C/C","C/T","C/C","C/C","C/C","-/-","C/T","C/T","C/C","C/C","C/C","C/C","C/C","C/C","C/C","C/C","C/C","C/C","C/T","C/C","C/T","C/C","C/C","C/C","C/C","C/C","C/C","C/C","C/C","C/C","C/T","C/T","C/C","C/C","C/C","-/-","C/T","C/C","C/T","C/C","C/T","-/-","C/C","C/T","C/C","C/C","C/C","C/T","C/T","C/C","C/T","-/-","C/T","C/C","C/C","C/C","C/C","C/C","C/C","C/C","C/C","C/C","C/T","C/C","C/C","C/C","C/C","C/T","C/C","C/C","C/C","C/C","C/C","-/-","C/C","C/C","C/C","C/C","C/C","C/C","C/C","C/C","C/C","-/-","C/T","C/C","C/C","C/C","C/C","C/C","C/C","C/C","C/C","C/C","C/C","C/C","C/C","C/C","C/T","C/C","C/C","C/C","C/C","C/C","C/C","C/T","C/C","C/C","C/T","C/T","C/C","C/C","C/T","C/T","C/C","C/C","C/T","C/C","C/C","C/C","C/C","C/C","C/C","C/C","C/C","C/C","C/T","C/T","C/C","C/T","-/-","C/C","-/-","C/T","C/T","C/C","C/T","C/T","C/T","-/-","C/T","C/T","-/-","C/T","C/T","C/T","C/T","T/T","C/T","C/T","C/T","C/T","C/T","C/T","C/C","C/T","C/C","C/C","C/C","C/C","C/C","C/C","T/T","C/C","C/T","C/C","C/T","C/T","-/-","C/T","C/T","C/T","C/T","T/T","C/C","C/T","C/T","C/T","C/C","-/-","C/T","C/C","C/T","-/-","C/T","-/-","C/T","C/C","C/T","C/C","C/C","C/T","-/-","C/T","T/T","-/-","C/T","C/C","C/T","C/T","C/T","T/T","C/C","C/C","C/T","C/C","C/T","C/T","C/T","C/T","C/C","-/-","C/T","C/C","-/-","C/T","C/C","C/T","C/T","C/C","C/T","C/C","C/C","T/T","C/C","C/T","C/C","C/T","C/T","C/C","C/T","C/T","T/T","C/C","C/T","C/T","C/T","C/C","C/T","C/C","-/-","C/T","T/T","C/C","C/C","C/C","C/T","C/C","C/T","C/T","C/T","C/T","C/C","C/T","C/T","C/T","C/T","C/C","-/-","C/T","C/T","C/C","C/C","C/T","C/C","C/C","C/C","C/T","C/C","C/C","C/C","C/T","C/T","C/C","C/T","C/C","C/C","C/C","C/T","C/T","C/T","C/C","C/T","C/C","C/C","C/T","C/C","C/T","C/C","C/C","C/C","C/C","C/C","C/C","C/C","C/C","C/T","C/C","C/T","C/T","C/T","C/C","C/T","C/T","C/C","C/C","C/T","C/C","C/T","C/T","C/T","C/T","C/C","C/T","C/C","C/T","C/T","C/T","-/-","C/T","C/T","C/T","C/T","C/C","C/T","C/C","C/C","C/T","C/T","C/C","C/T","C/T","-/-","C/C","C/C","C/T","C/T","C/C","C/T","C/T","C/C","C/T","C/T","C/T","C/T","C/C","-/-","C/C","C/T","C/C","C/T","-/-","C/C","C/T","C/C","C/C","C/T","C/C","C/T","C/C","C/T","C/T","C/T","C/T","C/T","C/C","C/C","T/T","C/T","C/C","C/T","C/T","C/T","T/T","C/T","C/C","C/T","C/C","C/C","C/T","C/T","-/-","C/T","T/T","C/C","C/T","C/C","C/T","C/C","C/T","C/T","C/C","C/T","C/T","C/T","C/C","C/T","C/C","C/C","C/T","C/C","C/C","C/C","C/C","C/T","C/T","C/C","C/C","C/C","C/C","C/T","-/-","C/C","C/C","C/T","C/C","T/T","C/C","C/C","C/C","C/C","C/C","C/C","C/C","C/C","C/C","C/C","C/C","C/C","C/C","C/C","C/C","C/C","C/C","C/C","C/C","C/C","C/C","C/C","C/C","C/C","-/-","C/C","C/C","C/T","C/T","C/C","C/C","-/-","C/C","C/T","C/C","C/C","C/C","C/T","C/C","C/C","C/T","C/T","C/C","C/T","C/T","C/C","C/T","C/C","C/C","C/C","C/C","C/C","C/C","C/C","C/C","C/C","C/C","C/C","C/T","C/C","C/T","C/T","C/C","C/T","C/C","C/T","C/C","C/C","C/C","C/T","C/C","C/C","C/C","C/C","C/C","C/C","C/C","C/C","C/C","C/C","C/C","C/C","C/C","C/C","C/C","C/C","C/C","C/C","C/C","C/C","C/C","C/C","C/C","C/C","C/C","C/C","C/C","C/C","C/C","C/C","C/C","C/T","C/C","C/C","C/C","C/C","C/T","C/T","C/T","C/T","C/T","C/T","C/T","C/C","-/-","C/C","C/C","C/T","C/C","-/-","C/C","C/C","C/C","C/T","C/C","C/C","C/C","C/T","C/C","C/T","C/T","C/T","C/C","C/C","C/C","C/T","C/T","C/C","C/C","C/C","C/C","C/T","C/C","C/C","C/T","C/C","C/T","C/T","C/C","C/T","C/C","C/C","C/C","C/C","C/C","C/T","C/C","C/T","C/T","C/C","C/C","C/T","C/C","C/C","C/C","C/C","C/C","C/C","C/C","C/C","C/C","C/C","C/C","C/C","C/T","C/T","C/T","C/T","C/T","C/T","C/C","C/T","C/T","C/T","C/T","C/C","C/C","C/T","C/C","C/T","C/T","C/C","C/T","C/T","C/C","C/C","C/C","C/C","C/T","C/C","C/C","C/C","C/C","C/T","C/C","C/C","C/C","C/C","C/C","C/C","C/T","C/C","C/C","C/C","C/C","C/C","C/C","C/C","C/C","C/C","C/C","C/C","C/C","C/C","C/C","C/C","C/C","C/T","-/-","C/C","C/C","C/C","C/C","C/C","C/C","C/C","C/C","-/-","C/T","C/C","C/C","C/C","C/C","C/T","C/C","C/C","C/C","C/C","C/C","C/C","C/C","C/C","C/C","C/C","C/C","C/T","C/T","C/T","C/C","C/C","C/C","C/C","C/T","C/T","C/T","C/C","C/C","C/C","C/C","C/C","C/T","C/T","C/T","C/T","C/C","C/T","C/T","C/C","C/C","C/C","C/C","C/C","C/T","C/C","C/C","C/T","C/T","C/C","C/C","C/C","C/C","C/T","C/C","C/C","C/C","C/C","C/C","C/C","C/C","C/C","C/C","C/C","C/C","C/C","C/C","C/C","C/T","C/T","C/C","C/C","C/T","C/T","C/C","C/C","C/C","C/T","C/C","C/C","C/C","-/-","C/C","C/C","C/T","C/T","C/C","C/T","C/T","C/C","C/T","C/T","C/T","C/C","C/C","C/T","C/C","C/T","C/T","C/C","C/C","C/T","C/C","C/T","C/C","C/C","C/C","T/T","C/T","C/C","C/T","C/C","C/C","C/C","C/C","C/C","C/C","C/C","T/T","T/T","C/T","C/T","T/T","C/C","C/T","-/-","C/C","C/C","C/T","C/C","C/C","C/C","C/C","C/C","C/C","C/C","C/C","C/C","C/C","C/C","C/T","C/T","C/T","C/T","C/T","C/T","C/C","-/-","C/T","C/C","C/T","C/C","C/T","C/C","C/C","C/C","C/T","C/T","C/C","C/C","C/T","C/T","C/T","T/T","-/-","C/C","C/C","T/T","C/C","C/C","C/T","T/T","C/T","C/C","C/T","C/C","C/C","C/T","T/T","C/T","C/T","C/C","C/C","C/C","C/C","C/C","C/C","C/C","C/C","C/C","C/C","C/C","C/T","C/T","C/T","C/C","C/C","C/C","C/C","C/C","C/C","C/C","C/C","C/C","C/C","C/C","C/C","C/C","C/C","C/C","C/C","C/C","C/C","C/C","C/C","C/C","C/C","C/C","C/C","C/C","C/T","C/C","C/C","C/C","C/C","C/C","C/C","C/C","C/C","C/C","C/C","C/C","C/C","C/C","C/C","C/C","C/C","C/C","C/C","C/C","C/C","T/T","C/C","C/C","C/C","C/C","C/C","C/C","C/C","C/C","C/C","C/C","C/T","C/C","C/C","C/C","-/-","C/C"
"529","PZA02819.35","4","172692287","C/C","C/T","C/C","C/C","-/-","C/C","C/C","C/C","C/C","C/C","C/C","C/C","C/C","C/C","C/C","C/C","C/C","C/C","C/C","C/C","C/C","C/C","C/C","C/C","C/C","-/-","C/C","C/C","-/-","C/C","C/C","C/T","C/C","C/C","C/C","C/C","C/C","C/C","-/-","C/C","C/C","C/C","C/C","C/C","C/T","C/C","C/C","C/C","C/T","C/C","C/C","T/T","C/C","C/C","C/C","C/C","C/T","C/C","-/-","C/T","C/C","C/T","C/T","C/T","C/C","C/C","-/-","C/C","C/T","-/-","C/C","C/C","C/C","C/C","C/C","C/C","C/T","C/C","C/T","C/T","C/C","-/-","C/C","C/C","C/C","C/T","C/T","C/C","C/C","C/C","C/T","C/C","C/T","C/C","C/C","C/C","C/C","C/C","C/C","C/T","C/C","C/C","C/C","C/C","C/C","C/C","C/C","C/C","-/-","C/C","C/C","C/C","C/C","C/C","C/C","C/C","C/C","T/T","C/T","C/C","C/C","C/T","C/T","C/C","C/C","C/C","C/C","C/C","C/C","C/C","C/C","C/C","C/C","C/C","C/C","C/C","C/C","C/C","C/C","C/C","C/T","C/T","C/C","C/C","C/T","C/T","C/C","C/C","C/C","C/T","C/C","C/C","C/C","C/C","C/C","C/C","C/C","C/C","C/C","C/C","C/C","C/C","C/C","C/C","C/C","C/C","C/C","C/C","C/C","C/C","C/C","C/C","C/C","C/C","C/C","C/C","C/C","C/C","C/C","C/C","C/C","C/C","C/C","C/C","C/T","C/C","C/C","C/C","C/C","C/C","C/C","C/C","C/C","C/C","C/T","C/C","C/C","C/C","C/T","C/C","C/C","C/C","C/C","C/C","C/C","C/C","C/C","C/C","C/C","C/C","C/C","C/C","C/T","C/C","C/C","-/-","C/C","C/C","C/C","C/T","C/T","C/C","C/C","C/C","C/C","C/C","C/C","C/C","C/T","C/C","C/C","C/C","C/C","C/C","C/C","C/T","C/C","C/C","C/C","C/C","C/C","C/C","C/T","C/C","C/C","C/C","C/C","C/C","C/C","C/C","C/C","C/C","C/C","C/C","C/C","C/C","C/T","C/C","C/C","C/C","C/C","C/C","C/C","C/C","C/C","C/C","C/C","C/C","C/C","C/C","C/C","C/C","C/C","C/C","C/C","C/C","C/C","-/-","C/C","C/C","C/C","C/C","C/C","C/C","C/C","C/C","C/C","C/C","C/C","C/C","C/C","C/C","C/C","C/C","C/C","C/T","C/T","C/C","C/C","C/C","C/C","C/T","C/C","C/C","C/C","C/T","-/-","C/T","C/C","C/T","C/C","C/C","C/C","C/T","C/T","C/C","C/C","C/T","C/C","C/T","C/T","C/T","C/T","C/C","-/-","C/C","C/C","C/C","C/T","C/C","C/T","C/T","C/C","C/C","C/C","C/T","C/C","C/T","C/T","C/T","C/T","C/C","C/T","C/C","C/C","C/C","C/T","C/C","C/C","C/C","C/C","C/C","C/T","C/C","C/C","C/T","C/C","C/C","C/C","C/C","C/C","C/C","C/C","C/C","C/C","C/C","C/C","C/T","C/C","C/C","C/C","C/C","C/C","C/C","C/C","C/C","C/C","C/C","C/C","C/C","C/C","C/C","C/C","C/C","C/C","C/T","C/C","C/C","C/C","C/C","C/C","C/C","C/T","C/C","C/C","C/C","C/C","C/T","C/C","-/-","C/C","C/T","C/T","C/C","C/T","C/C","C/C","T/T","C/C","C/C","C/C","C/C","C/C","-/-","C/C","C/C","C/T","C/T","C/C","C/C","C/T","C/C","C/C","C/C","C/C","C/C","C/C","C/C","C/T","C/C","C/C","C/T","C/C","C/T","C/C","-/-","C/T","C/T","C/C","C/C","C/C","C/T","C/C","C/C","C/C","T/T","C/C","C/C","C/C","C/C","C/C","C/C","C/C","C/C","C/C","C/C","C/T","C/T","C/C","C/T","C/C","C/T","C/C","C/C","C/C","C/C","C/T","C/T","-/-","C/C","T/T","C/T","C/T","C/T","C/C","C/C","C/T","C/C","-/-","C/C","-/-","C/C","C/T","C/C","C/C","C/C","C/C","C/C","C/C","C/C","C/T","C/C","C/C","C/C","C/C","C/C","C/T","C/T","C/C","-/-","C/C","C/T","-/-","C/C","C/C","C/C","C/C","C/C","C/C","C/C","C/C","C/C","C/T","C/C","C/C","C/C","C/T","C/C","C/T","C/C","C/C","C/C","C/C","C/C","C/C","C/C","C/C","C/C","C/T","C/C","C/T","C/C","C/C","C/C","C/C","C/T","C/C","C/C","C/T","C/C","C/C","C/C","C/T","C/C","C/C","C/C","C/C","-/-","C/T","C/C","C/C","C/T","C/C","C/C","C/T","C/C","C/C","C/C","C/T","C/T","C/C","C/C","-/-","C/C","C/C","C/T","C/C","C/C","C/C","C/C","C/C","C/C","C/C","C/C","C/C","C/C","C/C","C/C","C/C","C/C","C/C","C/C","T/T","C/T","C/C","C/C","C/C","C/C","C/C","-/-","C/T","C/T","C/C","C/C","C/T","C/C","C/C","C/T","C/C","C/C","C/C","C/C","C/T","C/C","C/C","C/T","C/C","C/C","C/C","C/T","C/T","C/C","C/C","C/C","C/C","C/C","C/T","-/-","C/T","C/C","C/T","C/C","C/C","C/C","C/C","C/C","C/T","C/C","C/C","C/C","C/C","C/C","C/T","C/C","C/C","C/C","C/T","C/C","C/C","-/-","C/T","C/C","C/C","C/C","C/C","C/T","T/T","-/-","C/T","C/C","C/C","C/C","C/C","C/T","C/C","C/C","C/C","C/C","C/T","C/C","C/T","C/T","C/C","C/T","C/C","C/C","C/T","C/C","C/C","C/C","C/C","C/C","C/T","C/C","C/C","C/C","C/C","C/T","C/C","C/C","C/T","C/T","-/-","C/C","C/C","C/T","C/T","C/C","C/C","C/C","C/T","C/C","C/C","C/T","C/C","C/C","C/T","C/T","C/C","C/C","C/C","C/T","C/T","C/C","-/-","C/C","C/C","T/T","C/C","C/C","C/C","-/-","C/C","C/C","C/T","C/T","C/C","C/C","C/C","C/C","C/C","C/C","C/C","C/C","C/T","C/C","C/T","C/C","C/C","C/C","C/T","C/C","C/C","C/C","C/C","C/C","C/C","C/C","C/C","C/C","C/C","C/C","C/T","C/T","C/C","C/C","T/T","C/T","C/C","C/T","C/C","C/C","C/C","C/C","C/C","C/C","C/T","C/C","C/C","C/C","C/C","C/T","C/C","C/T","C/C","C/T","C/C","C/C","C/C","C/C","T/T","C/T","C/C","C/C","C/C","C/T","C/C","C/C","C/C","C/C","C/C","C/C","C/C","C/C","C/C","C/C","C/T","C/T","C/C","C/C","C/C","C/T","C/C","C/C","C/C","C/C","C/T","C/C","C/T","C/C","C/C","C/T","C/T","C/C","C/T","C/T","C/C","C/T","C/C","C/T","C/T","C/C","C/T","C/C","C/C","T/T","C/C","C/C","C/C","C/C","C/T","C/C","C/C","C/C","T/T","C/C","C/C","C/C","C/T","C/T","C/C","C/T","C/C","C/T","C/C","T/T","C/C","C/T","C/C","C/C","C/T","C/T","C/C","C/C","C/C","C/C","C/C","C/C","C/C","C/C","C/C","C/C","T/T","C/T","C/C","C/C","C/C","C/T","C/C","C/T","C/T","C/T","C/C","C/C","C/C","C/C","C/C","C/C","C/C","-/-","C/C","C/C","C/C","C/T","C/C","C/C","C/T","C/C","C/C","C/C","C/C","C/C","C/C","C/C","C/C","C/T","C/T","C/T","C/C","C/C","C/C","C/C","-/-","C/C","C/C","C/C","C/C","C/C","C/T","C/C","C/C","C/C","C/C","C/T","C/T","C/T","C/C","C/T","C/C","C/C","C/C","C/C","C/T","C/T","C/T","C/C","C/C","C/C","C/T","C/T","C/T","C/T","C/C","C/C","C/T","C/C","C/C","C/C","C/C","C/C","C/C","C/C","T/T","T/T","C/C","C/C","C/C","C/C","C/C","C/C","C/C","C/C","C/C","C/C","C/C","C/C","C/C","C/C","C/C","C/C","C/C","C/C","C/C","C/C","C/C","T/T","T/T","T/T","C/C","C/C","C/C","C/C","C/C","C/C","C/C","C/C","C/C","C/C","C/C","C/C","C/C","C/C","C/C","C/C","C/C"
"778","PZB00092.1","4","156289818","A/A","A/A","G/G","-/-","A/A","G/G","-/-","A/G","G/G","A/A","A/G","-/-","A/A","A/G","A/A","A/A","A/G","A/G","A/A","A/G","G/G","A/G","G/G","-/-","G/G","-/-","A/G","G/G","G/G","A/G","G/G","G/G","A/G","A/A","G/G","A/G","-/-","A/G","A/G","A/G","A/A","G/G","A/A","A/G","A/A","A/A","A/A","A/A","A/A","A/A","A/A","A/A","A/A","A/A","A/A","A/A","A/G","-/-","-/-","A/G","A/G","-/-","A/A","A/G","A/G","A/G","A/A","A/A","A/G","A/A","-/-","A/A","A/A","A/A","A/A","A/A","A/A","A/A","A/A","A/A","A/G","A/A","A/A","A/A","G/G","A/A","A/A","A/G","A/G","A/A","A/G","G/G","A/G","A/A","A/A","A/G","A/G","A/A","A/G","A/A","A/A","A/G","A/A","A/G","A/A","A/A","A/A","A/A","A/A","A/A","A/G","-/-","A/A","A/A","-/-","A/G","A/G","A/A","A/A","A/A","A/G","G/G","G/G","A/G","A/G","A/A","A/A","G/G","A/G","A/G","G/G","A/A","G/G","G/G","A/A","G/G","G/G","A/G","G/G","A/G","A/G","A/G","A/G","G/G","A/A","A/A","A/G","A/G","A/A","A/G","-/-","A/A","G/G","A/G","-/-","G/G","G/G","A/G","G/G","-/-","A/A","-/-","-/-","G/G","-/-","-/-","G/G","G/G","G/G","A/G","G/G","A/G","G/G","G/G","G/G","G/G","A/G","G/G","-/-","G/G","G/G","G/G","A/G","A/G","A/A","A/A","G/G","G/G","A/A","G/G","A/G","A/A","A/A","G/G","A/G","A/G","G/G","A/G","G/G","G/G","-/-","A/G","-/-","A/G","A/A","A/G","A/G","-/-","A/A","A/A","A/A","A/G","A/G","A/A","A/A","G/G","A/G","G/G","A/A","A/A","A/G","A/G","A/A","G/G","A/A","A/A","A/A","-/-","A/A","A/G","G/G","A/G","A/A","A/G","A/A","G/G","A/G","-/-","A/G","G/G","A/A","A/A","A/A","G/G","G/G","A/G","G/G","-/-","-/-","A/A","A/G","A/G","A/G","A/G","A/G","A/A","A/A","A/A","G/G","A/A","A/A","-/-","-/-","A/A","G/G","-/-","A/G","A/A","A/G","A/G","G/G","G/G","G/G","G/G","G/G","G/G","A/G","A/G","G/G","A/A","A/A","G/G","-/-","G/G","G/G","G/G","G/G","A/G","G/G","A/G","A/G","G/G","A/A","A/A","G/G","A/G","A/G","A/G","-/-","A/A","A/G","A/G","G/G","A/A","-/-","G/G","A/A","A/G","A/A","A/A","A/G","A/G","-/-","A/G","A/G","A/G","A/A","A/A","A/A","A/G","G/G","A/A","A/G","A/A","A/A","A/A","-/-","A/G","G/G","A/A","A/A","A/A","A/A","A/G","A/A","-/-","A/A","A/A","G/G","A/G","G/G","G/G","A/A","A/A","A/A","-/-","G/G","A/A","A/A","A/A","A/G","A/A","A/A","A/A","A/A","A/A","-/-","A/A","-/-","A/G","A/A","A/G","G/G","-/-","-/-","A/G","A/G","A/A","A/A","A/A","A/A","-/-","A/A","A/A","A/A","G/G","A/A","A/A","A/G","A/A","G/G","A/A","A/G","A/A","-/-","A/A","-/-","A/A","A/A","A/A","A/G","-/-","A/G","A/A","A/A","A/A","A/A","A/A","G/G","A/A","A/A","A/A","A/A","A/A","A/G","-/-","A/G","G/G","A/A","A/G","A/G","A/G","A/G","G/G","A/G","A/A","G/G","A/G","-/-","A/A","G/G","A/A","A/A","A/G","A/A","-/-","G/G","A/G","A/G","A/A","A/G","A/A","A/G","A/A","-/-","A/G","A/A","A/A","G/G","A/G","A/A","A/A","A/G","A/G","A/G","A/G","A/A","A/A","A/A","-/-","-/-","A/G","A/A","A/G","A/G","-/-","-/-","G/G","A/A","A/G","A/A","A/A","A/A","-/-","A/A","A/A","A/A","A/A","-/-","A/A","A/A","A/A","G/G","-/-","A/G","A/G","A/A","A/A","A/G","A/A","A/A","A/A","A/A","A/A","-/-","-/-","A/G","A/G","A/A","A/A","A/A","G/G","A/A","A/A","-/-","A/A","G/G","A/G","A/A","-/-","A/A","A/A","A/A","A/A","A/A","-/-","A/A","A/G","G/G","A/G","A/G","-/-","-/-","G/G","A/A","-/-","-/-","A/G","A/A","A/G","-/-","A/A","A/A","A/G","-/-","A/A","A/G","A/G","A/G","A/G","A/G","A/G","A/G","A/A","G/G","A/G","A/G","A/A","A/G","G/G","A/G","A/A","A/G","A/A","G/G","G/G","-/-","A/A","A/G","-/-","A/A","G/G","A/G","A/G","-/-","A/A","A/A","-/-","A/A","A/G","A/A","A/G","G/G","A/G","A/G","-/-","G/G","A/G","A/A","A/G","A/G","A/A","A/G","A/A","A/G","A/A","G/G","A/G","G/G","G/G","A/A","G/G","A/G","A/A","-/-","G/G","A/G","A/G","A/G","A/A","A/A","A/A","A/G","A/A","A/G","A/A","G/G","A/A","G/G","A/G","A/A","A/G","G/G","A/G","A/A","A/G","A/A","G/G","A/G","G/G","G/G","A/G","G/G","A/A","A/A","G/G","G/G","A/G","A/A","G/G","A/A","-/-","G/G","-/-","G/G","A/A","-/-","G/G","A/G","A/G","A/A","G/G","A/G","A/G","A/A","A/A","G/G","A/G","A/G","A/A","G/G","A/A","G/G","A/A","A/G","G/G","G/G","A/A","A/A","A/A","-/-","A/A","A/G","G/G","A/G","-/-","-/-","A/A","-/-","G/G","A/A","-/-","A/A","A/G","A/A","A/A","A/A","A/G","G/G","A/A","A/A","A/A","-/-","G/G","A/G","A/A","G/G","A/A","A/A","A/A","A/A","A/A","G/G","A/G","A/G","A/A","A/A","G/G","A/A","G/G","G/G","A/A","-/-","A/G","A/G","A/A","A/G","A/A","A/G","A/A","A/A","G/G","G/G","A/A","G/G","-/-","A/A","A/A","A/G","-/-","A/A","-/-","G/G","G/G","A/A","G/G","A/A","A/G","A/A","-/-","G/G","A/A","A/A","A/A","A/G","A/A","-/-","A/G","G/G","A/G","A/A","A/A","A/A","A/G","A/G","-/-","-/-","A/G","A/G","A/A","A/A","G/G","A/G","A/A","A/A","A/A","A/G","A/A","A/G","A/A","A/A","A/A","A/A","A/A","A/A","A/A","A/G","A/G","-/-","G/G","A/A","-/-","A/A","-/-","A/A","G/G","G/G","A/A","A/A","A/A","-/-","A/G","G/G","A/A","A/A","A/G","A/A","G/G","A/A","A/A","A/G","A/A","-/-","A/A","A/A","A/G","A/A","G/G","A/A","G/G","A/G","A/A","A/A","A/A","A/A","G/G","A/A","A/A","A/A","A/G","G/G","A/G","G/G","A/A","A/A","A/G","A/G","A/G","A/A","-/-","G/G","-/-","A/G","A/G","A/A","A/A","G/G","G/G","A/G","A/A","-/-","A/A","A/A","A/A","A/A","-/-","A/A","A/A","A/G","A/A","A/G","G/G","-/-","A/A","A/A","A/A","G/G","-/-","A/A","A/A","A/A","A/G","-/-","G/G","A/G","A/A","A/A","A/G","A/A","-/-","A/A","G/G","A/G","A/G","G/G","-/-","A/A","A/A","A/G","-/-","A/G","A/A","A/A","-/-","A/A","A/G","G/G","A/A","A/G","A/G","A/G","A/A","A/A","A/G","A/A","A/G","A/G","A/G","A/A","A/G","A/A","G/G","A/G","A/G","A/G","A/G","-/-","A/G","A/A","A/G","A/A","A/G","A/G","A/A","A/A","A/G","A/A","-/-","-/-","A/G","G/G","A/A","A/A","G/G","A/A","A/G","G/G","A/A","G/G","G/G","A/G","A/G","A/A","A/A","A/A","A/A","A/A","A/A","A/A","G/G","A/A","A/A","A/A","A/A","A/A","A/A","-/-","A/A","A/A","A/G","A/G","A/A","A/A","A/A","A/A","A/A","A/A","A/G","A/G","A/A","A/A","A/A","A/A","-/-","A/A","A/A","G/G","G/G","G/G","A/A","A/A","G/G","G/G","G/G","G/G","A/A","A/A","-/-","A/A","G/G","G/G","G/G","G/G","G/G","G/G","A/A","A/A","A/A","G/G","G/G","-/-","A/A","G/G","G/G","G/G"
"779","PZB00092.4","4","156289793","G/G","C/G","C/C","C/G","C/C","C/C","C/C","C/G","C/C","G/G","C/G","C/C","G/G","C/G","G/G","G/G","C/G","C/G","C/C","C/C","C/C","C/G","C/C","C/C","C/C","C/C","C/G","C/C","C/C","C/G","C/C","C/C","C/C","C/C","C/C","C/G","C/G","C/G","C/G","C/G","G/G","C/C","G/G","C/G","G/G","G/G","G/G","G/G","G/G","C/G","G/G","C/G","G/G","G/G","G/G","G/G","C/G","G/G","G/G","C/G","C/G","G/G","G/G","C/G","C/G","C/G","G/G","G/G","C/G","G/G","C/G","C/G","G/G","G/G","G/G","G/G","G/G","G/G","C/G","G/G","C/C","G/G","G/G","G/G","C/C","C/G","G/G","C/G","C/G","G/G","C/G","C/C","-/-","G/G","G/G","C/G","C/G","G/G","C/G","G/G","-/-","C/G","G/G","G/G","G/G","G/G","G/G","G/G","G/G","G/G","C/G","C/G","G/G","G/G","G/G","C/G","C/G","C/C","C/G","G/G","G/G","C/C","C/C","C/G","C/G","C/G","G/G","C/C","G/G","C/C","C/C","G/G","C/C","C/C","G/G","C/C","C/C","C/G","C/C","C/G","G/G","G/G","C/C","C/C","C/G","C/C","C/G","C/G","G/G","C/G","G/G","G/G","C/C","C/G","C/G","C/C","C/C","C/G","C/C","C/G","G/G","C/G","C/C","C/C","C/C","C/C","C/C","C/C","C/C","C/G","C/C","C/G","C/C","C/C","C/C","C/C","-/-","C/C","C/C","C/C","C/C","C/C","C/G","C/G","G/G","G/G","C/C","C/C","-/-","C/C","C/G","G/G","C/G","C/C","C/G","C/G","C/C","C/G","C/C","C/C","C/G","C/G","C/C","C/G","G/G","C/C","C/G","C/G","C/C","G/G","C/G","C/G","C/G","G/G","G/G","C/C","C/G","C/C","G/G","G/G","C/G","C/G","G/G","C/C","C/C","C/G","G/G","C/C","G/G","C/G","C/C","C/G","G/G","C/G","G/G","C/C","C/G","C/C","C/G","C/C","C/G","G/G","G/G","C/C","C/C","C/G","C/C","G/G","G/G","G/G","C/G","-/-","C/G","C/G","C/G","G/G","G/G","G/G","C/C","G/G","C/G","C/G","C/G","C/G","C/C","G/G","C/G","G/G","C/G","C/G","C/C","C/C","C/C","C/C","C/C","C/C","C/G","C/G","C/C","G/G","C/G","C/C","C/C","C/C","C/C","C/C","C/C","C/G","C/C","C/G","C/G","C/C","C/G","C/G","C/C","C/G","C/C","C/G","G/G","G/G","C/G","C/G","C/C","C/G","C/C","C/C","G/G","C/G","G/G","G/G","C/C","G/G","G/G","C/G","C/G","C/G","G/G","G/G","G/G","C/G","C/C","G/G","C/G","G/G","G/G","G/G","C/C","C/G","C/G","C/G","G/G","C/C","G/G","C/G","C/G","G/G","C/G","G/G","C/C","C/G","C/C","C/C","C/G","C/G","G/G","C/C","C/C","C/C","C/G","C/G","C/G","C/G","C/C","G/G","C/G","C/C","G/G","G/G","C/G","C/G","C/G","-/-","C/C","C/C","G/G","C/C","C/G","G/G","G/G","G/G","C/G","C/C","G/G","C/C","C/G","C/C","C/C","C/G","C/C","C/G","C/C","C/G","C/G","C/G","C/G","C/G","G/G","G/G","G/G","C/C","C/G","C/G","C/G","C/G","C/C","C/G","C/G","C/G","C/C","C/G","G/G","C/C","C/G","C/G","C/C","C/G","C/G","C/C","C/G","C/G","C/G","C/G","C/G","C/C","C/G","G/G","C/C","-/-","G/G","G/G","C/C","G/G","G/G","C/G","C/C","G/G","C/C","C/G","C/C","C/G","C/C","G/G","C/G","C/G","G/G","C/G","C/G","G/G","C/C","C/G","G/G","G/G","C/G","C/G","C/G","C/G","G/G","G/G","C/C","C/G","G/G","C/G","C/G","C/G","C/G","C/G","C/C","C/C","G/G","C/G","C/G","C/G","G/G","C/G","G/G","C/G","-/-","G/G","-/-","C/G","C/C","C/G","C/C","C/G","C/G","C/G","G/G","C/G","C/G","C/G","C/G","C/C","G/G","C/C","C/C","C/C","C/G","C/G","C/C","C/G","G/G","C/C","C/G","C/G","G/G","C/G","C/C","C/G","C/G","C/G","G/G","C/C","G/G","C/G","G/G","C/G","C/G","C/G","C/C","C/G","C/G","C/C","C/C","C/C","G/G","G/G","C/G","G/G","G/G","C/G","G/G","G/G","C/C","C/G","C/C","C/G","C/G","C/G","C/G","C/G","C/G","C/G","C/G","C/G","C/C","C/G","C/G","G/G","C/G","C/C","C/G","G/G","C/G","G/G","C/C","C/C","G/G","G/G","C/G","C/G","G/G","C/C","C/G","C/G","C/G","G/G","C/G","C/C","C/C","C/G","G/G","C/G","C/C","C/G","C/G","C/G","C/C","C/C","C/C","C/G","C/G","C/G","C/G","G/G","C/G","G/G","C/C","C/G","C/C","C/C","G/G","C/C","C/G","C/G","C/C","C/C","C/C","C/G","C/G","G/G","G/G","G/G","C/G","C/C","C/G","-/-","C/C","C/C","C/C","C/G","C/G","C/G","C/C","C/C","C/G","C/C","C/G","C/C","C/G","C/C","C/C","C/G","C/C","C/C","C/G","C/C","C/C","C/G","C/G","C/C","C/C","C/C","C/C","C/G","C/C","C/C","C/C","C/C","C/G","C/C","C/C","C/C","C/C","C/G","G/G","C/G","C/C","C/C","C/G","C/C","C/C","C/C","C/C","G/G","C/G","C/C","C/C","C/C","C/C","G/G","C/C","G/G","C/G","C/C","C/G","G/G","G/G","C/G","C/C","C/C","C/G","C/G","G/G","C/G","G/G","G/G","C/G","C/G","C/C","C/G","-/-","C/G","G/G","C/C","C/G","C/G","C/C","G/G","C/G","C/G","G/G","G/G","C/C","C/G","C/G","G/G","G/G","C/C","C/G","C/C","C/C","G/G","G/G","C/G","C/G","G/G","G/G","G/G","C/G","G/G","C/G","C/C","C/C","C/G","C/C","C/C","C/G","G/G","C/G","G/G","C/G","C/C","C/C","C/C","C/G","C/C","G/G","C/G","G/G","C/G","C/C","G/G","C/C","G/G","C/G","C/G","C/G","C/G","C/C","C/G","C/G","C/G","G/G","C/G","C/G","C/G","C/G","C/G","C/G","G/G","G/G","C/C","C/G","G/G","G/G","G/G","C/C","G/G","G/G","C/G","G/G","C/G","G/G","G/G","G/G","C/G","C/G","C/G","G/G","C/C","G/G","C/G","C/G","C/C","C/G","C/C","C/C","C/G","C/G","G/G","C/G","C/G","C/C","C/G","C/G","C/G","G/G","C/C","C/C","G/G","C/G","C/G","C/G","G/G","C/C","C/G","C/G","C/C","-/-","C/C","C/G","-/-","-/-","C/G","G/G","C/C","-/-","G/G","G/G","C/G","C/C","C/G","C/C","G/G","G/G","C/G","C/C","C/G","G/G","C/G","C/C","C/G","G/G","C/G","C/G","G/G","C/C","C/C","C/C","C/G","C/G","G/G","G/G","-/-","G/G","G/G","G/G","C/G","G/G","C/G","C/G","C/C","C/G","G/G","G/G","C/G","C/C","C/C","G/G","C/G","C/G","C/G","G/G","C/C","C/G","C/G","G/G","C/G","G/G","G/G","C/G","C/C","G/G","C/G","C/C","C/C","G/G","-/-","C/G","C/G","C/G","G/G","G/G","C/C","C/C","C/G","C/C","G/G","C/G","C/G","C/G","G/G","C/G","C/G","G/G","C/G","C/G","G/G","G/G","C/G","G/G","C/C","C/G","C/G","C/G","C/G","G/G","C/G","G/G","C/G","G/G","C/G","C/G","G/G","G/G","G/G","G/G","G/G","C/G","C/G","C/C","-/-","G/G","C/C","G/G","C/G","C/C","G/G","C/C","C/C","C/G","C/G","G/G","G/G","G/G","G/G","G/G","G/G","G/G","C/C","G/G","G/G","G/G","-/-","G/G","G/G","G/G","G/G","G/G","C/G","C/G","G/G","G/G","G/G","C/C","C/C","-/-","C/G","C/G","G/G","G/G","G/G","G/G","C/G","G/G","G/G","C/C","C/C","C/C","C/C","C/C","C/C","C/C","C/C","C/C","G/G","G/G","G/G","G/G","C/C","C/C","C/C","C/C","C/C","C/C","G/G","G/G","G/G","C/C","C/C","G/G","G/G","C/C","C/C","C/C"
"813","PZB00229.3","4","156289504","A/A","A/G","G/G","A/G","G/G","G/G","G/G","A/G","G/G","A/A","A/G","G/G","A/G","A/G","A/A","A/G","A/G","A/G","G/G","G/G","G/G","A/G","G/G","G/G","G/G","G/G","A/G","G/G","G/G","A/G","G/G","G/G","G/G","G/G","G/G","A/G","A/G","A/G","A/G","A/G","A/A","G/G","A/A","A/G","A/A","A/A","A/A","A/A","A/A","A/G","A/A","A/G","A/A","A/A","A/A","A/A","A/G","A/A","A/A","A/G","A/G","A/A","A/A","A/G","A/G","A/G","A/A","A/A","A/G","A/A","A/G","A/G","A/A","A/A","A/A","A/A","A/A","A/A","A/A","A/A","G/G","A/A","A/A","A/A","A/G","A/G","A/A","A/G","A/G","A/A","A/G","G/G","A/G","A/A","A/A","A/G","A/G","A/A","A/G","A/A","A/A","A/G","A/A","A/A","A/A","A/A","A/A","A/A","A/A","A/A","A/G","A/G","A/A","A/A","A/A","-/-","A/G","G/G","A/G","A/A","-/-","G/G","G/G","-/-","-/-","-/-","A/A","G/G","A/A","G/G","G/G","A/A","G/G","G/G","A/A","G/G","G/G","A/G","G/G","A/G","-/-","A/G","G/G","G/G","A/G","G/G","A/G","A/G","A/A","A/G","A/A","A/A","G/G","A/G","A/G","G/G","G/G","A/G","G/G","A/G","A/A","A/G","G/G","G/G","G/G","G/G","G/G","G/G","G/G","A/A","G/G","A/G","G/G","G/G","G/G","G/G","G/G","G/G","G/G","G/G","G/G","G/G","A/G","A/A","A/G","A/A","A/G","G/G","G/G","G/G","A/G","A/A","A/G","G/G","A/G","A/G","G/G","A/G","G/G","G/G","A/G","A/G","G/G","A/G","A/A","A/G","A/G","A/G","G/G","A/A","A/G","A/G","A/G","A/A","A/A","G/G","A/G","G/G","A/A","A/A","A/G","A/G","A/G","G/G","G/G","G/G","A/A","G/G","-/-","A/G","G/G","A/G","A/A","A/G","A/A","G/G","-/-","G/G","A/G","G/G","-/-","A/A","A/A","G/G","G/G","A/G","G/G","A/A","A/A","A/A","A/G","A/G","A/G","A/G","A/A","A/A","A/A","A/A","G/G","A/A","A/G","A/G","A/G","A/G","G/G","A/A","A/G","A/A","A/G","A/G","G/G","G/G","G/G","G/G","G/G","G/G","A/G","A/G","G/G","A/A","A/G","G/G","G/G","G/G","G/G","G/G","G/G","A/G","G/G","A/G","A/G","G/G","A/G","A/G","G/G","A/G","G/G","A/G","A/A","A/A","A/G","A/G","G/G","A/G","G/G","G/G","A/A","A/G","A/A","A/A","G/G","A/A","A/A","A/G","A/G","A/G","A/A","A/A","A/A","A/G","G/G","A/A","A/G","A/A","A/A","A/A","G/G","A/G","A/G","A/G","A/A","G/G","A/A","A/G","A/G","A/A","A/G","A/A","G/G","A/G","G/G","G/G","A/G","A/G","A/A","G/G","G/G","G/G","A/G","A/G","A/G","A/G","G/G","A/A","A/G","G/G","A/A","A/A","A/G","A/G","A/G","A/G","G/G","G/G","A/A","G/G","A/G","A/A","A/A","A/A","A/G","G/G","A/A","G/G","A/G","G/G","G/G","A/G","G/G","A/G","G/G","A/G","A/G","A/G","A/G","A/G","A/A","A/A","A/A","G/G","A/G","A/G","A/G","A/G","G/G","A/G","A/G","A/G","G/G","A/G","A/A","G/G","A/G","A/G","G/G","A/G","A/G","G/G","A/G","A/G","A/G","A/G","A/G","G/G","A/G","A/A","G/G","A/G","A/A","A/A","G/G","A/A","A/A","A/G","G/G","A/A","G/G","A/G","G/G","A/G","G/G","A/A","A/G","A/G","A/A","A/G","A/G","A/A","G/G","A/G","A/A","A/A","A/G","A/G","A/G","A/G","A/A","A/A","G/G","A/G","A/A","A/G","A/G","G/G","A/G","A/G","G/G","G/G","A/A","A/G","A/G","A/G","A/A","A/G","A/A","A/G","A/A","A/A","G/G","A/G","G/G","A/G","G/G","A/G","A/G","A/G","A/A","A/G","A/G","A/G","A/G","G/G","A/A","G/G","G/G","G/G","A/G","A/G","G/G","A/G","A/A","G/G","-/-","A/G","A/A","A/G","G/G","A/G","A/G","A/G","A/A","G/G","A/A","A/G","A/A","A/G","A/G","-/-","G/G","A/G","A/G","G/G","G/G","G/G","A/A","A/A","A/G","A/A","A/A","A/G","A/A","A/A","G/G","A/G","G/G","A/G","A/G","A/G","A/G","A/G","A/G","-/-","A/G","A/G","G/G","A/G","A/G","A/A","A/G","G/G","A/G","A/A","A/G","A/A","G/G","G/G","A/A","A/A","A/G","A/G","A/A","G/G","A/G","A/G","A/G","A/A","A/G","G/G","G/G","A/G","A/A","A/G","G/G","A/G","A/G","A/G","G/G","G/G","G/G","A/G","A/G","A/G","A/G","A/A","A/G","A/A","G/G","A/G","G/G","G/G","A/A","G/G","A/G","A/G","G/G","G/G","G/G","A/A","A/G","A/A","A/A","A/A","A/G","G/G","A/G","A/G","G/G","G/G","G/G","A/G","A/G","A/G","G/G","G/G","A/G","G/G","A/G","G/G","A/G","G/G","G/G","A/G","G/G","G/G","A/G","G/G","G/G","A/G","A/G","G/G","G/G","G/G","G/G","A/G","G/G","G/G","G/G","G/G","A/G","G/G","G/G","G/G","G/G","A/G","A/A","A/G","G/G","G/G","A/G","G/G","G/G","G/G","G/G","A/G","A/G","G/G","G/G","G/G","G/G","A/A","G/G","A/A","A/G","G/G","A/G","A/A","A/A","A/G","G/G","G/G","A/G","A/G","A/A","A/G","A/A","A/A","A/G","A/G","G/G","A/G","A/G","A/G","A/A","G/G","A/G","A/G","G/G","A/A","A/G","A/G","A/A","A/A","G/G","A/G","A/G","A/A","A/A","G/G","A/G","G/G","G/G","A/A","A/A","A/G","A/G","A/A","A/A","A/A","A/G","A/A","A/G","G/G","G/G","A/G","G/G","G/G","A/G","A/A","A/G","A/A","A/G","G/G","G/G","G/G","A/G","G/G","A/A","A/G","A/A","A/G","G/G","A/A","G/G","A/A","A/G","A/G","A/G","A/G","-/-","A/G","A/G","A/G","A/A","A/G","A/G","A/G","A/G","A/G","A/G","A/A","A/A","G/G","A/G","A/A","A/A","A/A","G/G","A/A","A/A","A/G","A/A","A/G","A/A","A/A","A/A","A/G","A/G","A/G","A/A","G/G","A/A","G/G","A/G","G/G","A/G","G/G","G/G","A/G","A/G","A/A","A/G","A/G","G/G","A/G","A/G","A/G","A/A","G/G","G/G","A/A","A/G","A/G","A/G","A/A","G/G","A/G","A/G","G/G","G/G","G/G","A/G","G/G","G/G","A/G","A/G","G/G","G/G","A/A","A/A","A/G","G/G","A/G","G/G","A/A","A/A","A/G","G/G","A/G","A/A","A/G","G/G","A/G","A/A","A/G","A/G","A/A","G/G","G/G","G/G","A/G","A/G","A/A","A/A","A/G","A/A","A/A","A/A","A/G","A/A","A/G","A/G","G/G","A/G","A/A","A/A","A/G","G/G","G/G","A/A","A/G","A/G","A/G","A/A","G/G","A/G","A/G","A/A","A/G","A/A","A/A","A/G","G/G","A/A","A/G","G/G","G/G","A/A","A/G","A/G","A/G","A/G","A/A","A/A","G/G","G/G","A/G","G/G","A/A","A/G","A/G","A/G","A/A","A/G","A/G","A/A","A/G","A/G","A/A","A/A","A/G","A/A","G/G","A/G","A/G","A/G","A/G","A/A","A/G","A/A","A/G","A/A","A/G","A/G","-/-","A/A","A/A","A/A","A/A","A/G","A/G","G/G","G/G","A/G","G/G","A/G","A/G","G/G","A/A","G/G","G/G","A/G","A/G","A/A","A/A","A/A","A/A","A/A","A/G","A/A","G/G","A/A","A/G","A/A","G/G","A/A","A/A","A/A","A/A","A/A","A/G","A/G","A/A","A/A","A/A","G/G","G/G","G/G","A/G","A/G","A/A","A/A","A/A","A/A","A/G","A/A","A/A","G/G","G/G","G/G","G/G","G/G","G/G","G/G","G/G","G/G","A/A","A/A","A/A","A/A","G/G","G/G","G/G","G/G","G/G","G/G","A/A","A/A","A/A","G/G","G/G","A/A","A/A","G/G","G/G","G/G"
"691","PZA03311.5","4","153293454","G/G","G/G","T/T","G/G","T/T","G/G","G/T","G/T","G/G","G/G","T/T","G/T","T/T","G/G","T/T","G/T","G/T","G/G","G/T","T/T","T/T","-/-","G/G","G/G","T/T","G/T","G/G","T/T","G/G","-/-","T/T","T/T","G/T","G/G","G/T","G/G","G/T","G/G","G/T","T/T","G/G","G/G","G/T","G/G","G/T","G/G","G/T","G/T","T/T","G/G","T/T","G/G","G/T","G/T","T/T","G/G","G/T","G/T","T/T","T/T","G/T","G/T","T/T","T/T","T/T","T/T","G/G","G/T","G/T","T/T","G/T","G/T","G/G","G/T","G/T","G/T","G/T","G/G","G/G","G/G","G/T","G/G","G/G","G/T","G/T","G/T","G/T","G/G","G/G","G/G","G/T","G/G","G/G","G/G","G/G","G/G","G/G","G/G","G/G","T/T","G/G","G/G","T/T","-/-","T/T","-/-","T/T","G/G","G/T","G/T","G/G","G/T","G/G","G/G","G/G","G/G","T/T","-/-","G/G","G/G","T/T","G/T","T/T","G/G","G/G","G/G","G/G","T/T","G/G","G/G","G/G","G/G","T/T","G/G","G/T","-/-","T/T","G/G","G/G","G/G","G/T","-/-","G/G","-/-","G/G","-/-","G/G","G/G","-/-","G/G","G/T","G/G","G/G","G/G","T/T","G/T","G/T","-/-","G/G","G/G","-/-","G/G","G/G","G/G","G/G","T/T","T/T","G/G","T/T","G/T","G/G","T/T","G/T","G/G","G/G","G/G","T/T","G/T","G/T","T/T","T/T","G/G","G/G","G/G","G/G","G/G","G/G","G/T","G/G","G/T","G/G","G/G","G/G","-/-","G/G","G/G","G/G","T/T","G/T","T/T","G/G","G/T","T/T","G/G","G/G","T/T","G/T","G/T","G/G","T/T","G/G","T/T","G/T","T/T","T/T","G/G","G/G","G/G","G/T","G/T","G/G","G/T","G/T","G/T","G/G","G/T","G/G","G/T","G/G","T/T","T/T","T/T","G/G","T/T","T/T","G/T","G/G","G/G","T/T","G/T","T/T","G/T","T/T","G/T","T/T","G/G","G/G","G/T","G/T","T/T","G/G","G/T","G/G","G/G","T/T","G/G","G/T","G/T","G/G","G/G","G/T","G/T","G/T","T/T","G/G","G/G","G/G","G/T","G/G","T/T","T/T","T/T","-/-","T/T","-/-","G/G","G/G","G/T","G/G","G/T","G/T","T/T","G/T","-/-","T/T","T/T","-/-","T/T","T/T","G/G","G/T","G/T","G/G","G/G","G/T","G/G","G/T","-/-","G/T","T/T","G/G","G/G","G/G","G/T","G/T","G/G","G/G","G/G","G/G","G/G","-/-","G/G","G/G","G/G","G/G","G/G","G/G","G/T","G/T","G/G","T/T","G/G","T/T","G/G","T/T","G/G","G/T","G/G","G/G","T/T","G/G","G/T","T/T","G/T","G/T","G/G","G/G","T/T","G/G","G/T","G/G","G/G","G/G","G/T","G/T","G/T","G/G","G/G","G/G","G/G","G/T","G/T","G/G","T/T","G/T","G/T","G/T","G/G","G/G","G/G","T/T","-/-","G/T","G/G","G/T","G/G","G/T","T/T","G/G","G/G","G/G","G/G","G/T","G/G","T/T","G/T","T/T","G/T","G/G","G/T","G/T","G/T","T/T","T/T","G/G","T/T","G/T","G/G","G/G","G/G","G/T","G/T","G/G","G/T","G/T","G/T","G/G","T/T","G/T","G/T","G/T","G/G","T/T","T/T","T/T","T/T","T/T","G/T","G/G","G/T","G/G","T/T","T/T","T/T","T/T","G/T","T/T","-/-","G/T","G/T","T/T","T/T","T/T","G/T","T/T","T/T","G/T","G/T","G/G","T/T","G/T","G/T","T/T","T/T","G/G","G/T","T/T","T/T","G/T","G/G","T/T","T/T","T/T","G/G","G/T","G/T","G/T","G/T","-/-","G/T","T/T","G/T","T/T","G/T","-/-","G/T","G/T","T/T","G/G","G/G","-/-","T/T","T/T","G/T","T/T","G/T","G/T","G/G","T/T","G/T","T/T","T/T","T/T","-/-","G/T","T/T","G/G","G/T","T/T","G/T","G/T","T/T","G/T","G/T","T/T","G/T","G/G","T/T","G/G","T/T","G/T","-/-","G/T","G/T","G/T","G/G","G/T","G/T","T/T","G/T","T/T","G/T","T/T","G/T","G/T","T/T","T/T","G/T","T/T","-/-","G/T","T/T","T/T","T/T","T/T","T/T","G/T","G/T","T/T","T/T","G/T","T/T","G/G","T/T","T/T","T/T","T/T","G/G","G/G","T/T","G/G","G/G","G/G","G/G","G/G","G/G","G/G","G/G","T/T","G/G","T/T","T/T","-/-","T/T","T/T","G/G","T/T","G/G","T/T","G/G","T/T","G/G","T/T","G/T","T/T","T/T","G/G","T/T","G/G","G/T","G/G","T/T","G/G","G/G","G/T","G/G","G/T","G/T","G/G","T/T","-/-","G/G","G/G","G/G","-/-","G/T","G/G","G/G","G/G","G/G","G/T","T/T","G/T","G/T","G/T","T/T","G/T","G/T","G/G","G/G","G/G","T/T","G/T","G/G","G/T","-/-","T/T","G/T","G/T","G/T","G/G","G/T","G/T","G/T","T/T","G/T","G/G","G/G","T/T","G/T","G/T","G/G","G/T","G/G","T/T","G/G","G/G","G/G","G/G","-/-","G/T","G/T","G/T","G/T","G/G","G/T","-/-","T/T","G/G","G/G","G/T","G/T","G/G","G/T","G/T","G/G","G/G","G/T","G/G","T/T","G/G","G/G","T/T","G/T","G/T","G/T","G/T","T/T","T/T","G/T","G/G","G/G","T/T","G/T","G/T","G/G","G/T","T/T","T/T","T/T","G/T","G/T","G/G","G/G","G/G","G/T","G/G","G/T","G/T","T/T","G/G","G/T","T/T","G/T","G/T","G/T","G/T","T/T","T/T","G/T","T/T","T/T","G/T","-/-","G/T","T/T","T/T","T/T","G/T","G/G","T/T","T/T","G/T","G/T","G/T","T/T","G/T","T/T","T/T","G/T","G/G","G/T","T/T","G/T","G/G","T/T","T/T","G/T","T/T","T/T","G/T","T/T","T/T","G/T","T/T","T/T","T/T","T/T","G/G","G/T","T/T","T/T","T/T","G/G","T/T","G/G","T/T","T/T","T/T","T/T","T/T","T/T","T/T","T/T","G/T","T/T","T/T","G/G","G/G","G/G","G/T","T/T","G/G","G/G","G/G","G/G","G/T","G/T","T/T","G/G","T/T","T/T","T/T","G/G","G/G","G/G","G/G","T/T","G/G","G/T","T/T","G/T","G/T","G/T","T/T","G/G","G/T","G/G","G/G","G/G","G/G","T/T","G/G","G/G","T/T","G/G","G/G","G/T","G/T","-/-","G/G","G/G","G/G","G/G","T/T","T/T","T/T","G/G","T/T","G/G","G/G","T/T","G/T","T/T","G/G","G/G","T/T","G/T","T/T","G/G","T/T","G/G","T/T","T/T","T/T","G/T","G/G","G/G","T/T","T/T","T/T","T/T","G/G","T/T","G/G","T/T","T/T","T/T","G/G","T/T","G/T","T/T","T/T","T/T","T/T","G/G","T/T","G/G","G/T","G/G","T/T","G/G","T/T","G/T","G/T","G/T","G/G","G/T","T/T","G/G","T/T","T/T","T/T","G/T","T/T","G/T","G/T","G/T","G/G","G/G","T/T","G/T","G/T","G/G","T/T","G/G","T/T","G/T","T/T","G/G","G/T","T/T","T/T","G/G","T/T","G/G","G/G","T/T","G/T","G/T","-/-","T/T","G/T","G/G","T/T","G/T","G/T","T/T","T/T","G/G","G/T","G/T","-/-","T/T","G/G","G/G","G/T","G/T","T/T","G/G","T/T","G/T","T/T","G/T","G/T","G/T","G/T","G/T","G/G","G/T","G/G","G/T","G/G","G/G","G/T","T/T","-/-","T/T","G/G","G/T","-/-","T/T","T/T","T/T","T/T","T/T","T/T","T/T","T/T","G/G","T/T","T/T","T/T","T/T","-/-","T/T","G/G","G/G","G/G","G/G","G/G","G/G","T/T","T/T","G/G","G/G","G/G","T/T","G/T","T/T","T/T","T/T","G/G","G/G","T/T","T/T","T/T","T/T","T/T","G/G","G/G","-/-","G/G","G/G","G/G","-/-","G/T","G/G","G/G","T/T","T/T","T/T","G/G","G/G","G/G","T/T","T/T","T/T","T/T","T/T","T/T","T/T","T/T","T/T","T/T"
"690","PZA03311.4","4","153293452","C/C","C/C","C/C","C/C","C/C","C/C","C/C","C/C","A/C","C/C","C/C","C/C","C/C","C/C","C/C","C/C","C/C","C/C","C/C","C/C","C/C","C/C","C/C","C/C","C/C","C/C","C/C","C/C","C/C","C/C","C/C","C/C","A/C","A/A","C/C","C/C","C/C","C/C","C/C","C/C","C/C","C/C","C/C","C/C","C/C","C/C","C/C","C/C","C/C","C/C","C/C","C/C","C/C","C/C","C/C","C/C","C/C","C/C","C/C","C/C","C/C","C/C","C/C","C/C","C/C","C/C","C/C","C/C","C/C","C/C","C/C","C/C","C/C","C/C","C/C","C/C","C/C","C/C","C/C","C/C","C/C","C/C","C/C","C/C","C/C","C/C","C/C","C/C","C/C","C/C","C/C","A/C","C/C","A/C","C/C","C/C","C/C","C/C","A/A","C/C","A/C","C/C","C/C","C/C","C/C","C/C","C/C","C/C","C/C","C/C","A/C","C/C","C/C","A/C","A/A","C/C","C/C","C/C","C/C","C/C","C/C","C/C","C/C","C/C","C/C","C/C","C/C","C/C","C/C","C/C","C/C","C/C","C/C","C/C","C/C","C/C","C/C","C/C","C/C","C/C","C/C","C/C","C/C","C/C","C/C","C/C","C/C","C/C","C/C","C/C","C/C","C/C","A/C","C/C","C/C","C/C","C/C","C/C","C/C","C/C","C/C","C/C","C/C","C/C","C/C","C/C","C/C","A/C","C/C","C/C","C/C","C/C","C/C","C/C","C/C","A/C","C/C","A/C","C/C","C/C","C/C","C/C","A/C","C/C","A/A","C/C","A/C","C/C","C/C","C/C","A/C","C/C","C/C","C/C","C/C","C/C","A/C","C/C","C/C","C/C","-/-","C/C","C/C","C/C","C/C","C/C","C/C","C/C","C/C","C/C","C/C","C/C","A/C","C/C","C/C","C/C","C/C","C/C","C/C","C/C","C/C","C/C","C/C","C/C","C/C","C/C","C/C","C/C","C/C","C/C","C/C","C/C","C/C","C/C","C/C","C/C","C/C","C/C","C/C","C/C","C/C","C/C","C/C","C/C","C/C","C/C","C/C","C/C","C/C","C/C","C/C","C/C","C/C","C/C","C/C","C/C","C/C","C/C","C/C","C/C","C/C","C/C","C/C","C/C","C/C","C/C","C/C","C/C","C/C","C/C","C/C","C/C","C/C","C/C","C/C","C/C","C/C","C/C","C/C","C/C","C/C","C/C","C/C","C/C","C/C","C/C","C/C","C/C","C/C","C/C","C/C","C/C","C/C","C/C","C/C","C/C","C/C","C/C","C/C","C/C","C/C","C/C","C/C","C/C","C/C","C/C","C/C","C/C","C/C","C/C","C/C","C/C","C/C","C/C","C/C","C/C","C/C","C/C","C/C","C/C","C/C","C/C","C/C","C/C","C/C","C/C","C/C","C/C","C/C","C/C","C/C","C/C","C/C","C/C","C/C","A/C","C/C","C/C","C/C","C/C","C/C","C/C","C/C","A/C","C/C","C/C","C/C","C/C","C/C","C/C","C/C","C/C","C/C","C/C","A/C","C/C","C/C","C/C","C/C","C/C","C/C","C/C","C/C","A/C","C/C","A/C","C/C","C/C","A/C","C/C","C/C","C/C","C/C","C/C","C/C","C/C","C/C","C/C","C/C","C/C","A/C","C/C","C/C","C/C","A/C","C/C","C/C","C/C","A/C","C/C","C/C","C/C","C/C","A/C","C/C","C/C","A/C","C/C","C/C","C/C","C/C","C/C","C/C","C/C","C/C","C/C","C/C","C/C","C/C","C/C","C/C","C/C","C/C","C/C","C/C","C/C","C/C","C/C","C/C","C/C","C/C","C/C","C/C","C/C","C/C","C/C","C/C","C/C","C/C","C/C","C/C","C/C","C/C","C/C","C/C","C/C","C/C","C/C","C/C","C/C","C/C","C/C","C/C","C/C","C/C","C/C","C/C","C/C","C/C","C/C","C/C","C/C","C/C","C/C","C/C","C/C","C/C","C/C","C/C","C/C","C/C","C/C","C/C","C/C","C/C","C/C","C/C","C/C","C/C","C/C","C/C","C/C","C/C","C/C","C/C","C/C","C/C","C/C","C/C","C/C","C/C","C/C","C/C","C/C","C/C","C/C","C/C","C/C","C/C","C/C","C/C","C/C","C/C","C/C","C/C","C/C","C/C","C/C","C/C","C/C","C/C","C/C","C/C","A/C","C/C","C/C","C/C","C/C","C/C","C/C","C/C","C/C","A/C","C/C","C/C","C/C","C/C","C/C","C/C","C/C","C/C","C/C","C/C","C/C","C/C","C/C","C/C","C/C","C/C","C/C","C/C","C/C","C/C","C/C","C/C","C/C","C/C","C/C","C/C","C/C","C/C","C/C","C/C","C/C","C/C","C/C","C/C","C/C","C/C","C/C","C/C","C/C","C/C","C/C","C/C","C/C","C/C","C/C","C/C","C/C","C/C","C/C","C/C","C/C","C/C","C/C","C/C","C/C","C/C","C/C","C/C","C/C","C/C","C/C","C/C","C/C","C/C","C/C","A/C","A/C","C/C","C/C","C/C","C/C","C/C","C/C","C/C","C/C","C/C","C/C","C/C","C/C","C/C","C/C","C/C","C/C","C/C","C/C","C/C","C/C","C/C","C/C","C/C","C/C","C/C","C/C","C/C","C/C","C/C","C/C","C/C","C/C","C/C","C/C","C/C","C/C","C/C","C/C","C/C","C/C","C/C","C/C","C/C","C/C","C/C","C/C","C/C","C/C","C/C","C/C","C/C","C/C","C/C","C/C","C/C","C/C","C/C","C/C","C/C","C/C","C/C","C/C","C/C","C/C","C/C","C/C","C/C","C/C","C/C","A/C","C/C","C/C","C/C","C/C","C/C","C/C","C/C","C/C","C/C","C/C","C/C","C/C","C/C","C/C","C/C","A/C","C/C","C/C","C/C","C/C","C/C","C/C","C/C","C/C","C/C","C/C","C/C","C/C","C/C","C/C","C/C","C/C","C/C","C/C","C/C","C/C","C/C","C/C","C/C","C/C","C/C","C/C","C/C","C/C","C/C","C/C","C/C","C/C","C/C","C/C","C/C","C/C","C/C","C/C","C/C","C/C","C/C","A/C","C/C","C/C","C/C","C/C","C/C","C/C","C/C","C/C","C/C","C/C","C/C","C/C","C/C","C/C","C/C","C/C","C/C","C/C","C/C","C/C","C/C","C/C","C/C","C/C","C/C","C/C","C/C","C/C","C/C","C/C","C/C","C/C","C/C","C/C","C/C","C/C","C/C","C/C","C/C","A/C","C/C","C/C","C/C","C/C","C/C","C/C","C/C","C/C","C/C","C/C","C/C","C/C","C/C","C/C","C/C","C/C","C/C","A/C","C/C","C/C","C/C","C/C","C/C","C/C","C/C","C/C","C/C","C/C","C/C","C/C","C/C","C/C","C/C","C/C","C/C","C/C","C/C","C/C","C/C","C/C","C/C","C/C","A/C","C/C","C/C","C/C","C/C","C/C","C/C","C/C","C/C","C/C","C/C","C/C","C/C","C/C","C/C","C/C","C/C","C/C","C/C","C/C","C/C","C/C","C/C","C/C","C/C","C/C","C/C","A/C","A/C","C/C","C/C","C/C","C/C","C/C","C/C","C/C","C/C","C/C","C/C","C/C","C/C","C/C","C/C","C/C","C/C","C/C","C/C","C/C","C/C","A/C","C/C","C/C","C/C","C/C","C/C","C/C","C/C","A/C","C/C","A/C","C/C","C/C","C/C","A/C","C/C","C/C","C/C","-/-","C/C","C/C","C/C","C/C","C/C","C/C","C/C","C/C","C/C","C/C","C/C","C/C","C/C","C/C","C/C","C/C","C/C","C/C","C/C","C/C","C/C","C/C","C/C","C/C","C/C","C/C","C/C","C/C","C/C","C/C","C/C","C/C","C/C","C/C","C/C","C/C","C/C","C/C","C/C","C/C","C/C","C/C","C/C","C/C","C/C","C/C","C/C","C/C","C/C","C/C","C/C","C/C","C/C","C/C","C/C","C/C","C/C","C/C","C/C","C/C","C/C","C/C","C/C","C/C","C/C","C/C","C/C","C/C","C/C","C/C","C/C","C/C","C/C","C/C","C/C","C/C","C/C","C/C","C/C","C/C","C/C","C/C","C/C","C/C","C/C","C/C","C/C","C/C","C/C","C/C","C/C","C/C","C/C","C/C","C/C","C/C","C/C","C/C","C/C","C/C","C/C","C/C","C/C","C/C","A/A","A/A","A/A","C/C","C/C","C/C","C/C","C/C","C/C","C/C","C/C","C/C","C/C"
"716","PZA03347.1","4","153293324","A/G","A/G","G/G","A/G","G/G","G/G","G/G","G/G","G/G","G/G","G/G","G/G","G/G","G/G","G/G","G/G","G/G","G/G","G/G","G/G","G/G","G/G","G/G","G/G","G/G","G/G","G/G","G/G","G/G","G/G","G/G","G/G","G/G","G/G","G/G","G/G","G/G","G/G","G/G","G/G","A/G","G/G","G/G","G/G","A/G","G/G","G/G","G/G","G/G","A/G","G/G","G/G","G/G","G/G","G/G","G/G","G/G","A/G","G/G","G/G","A/G","A/G","G/G","G/G","G/G","G/G","G/G","G/G","G/G","G/G","G/G","G/G","A/G","G/G","G/G","G/G","G/G","G/G","A/G","G/G","A/G","A/G","G/G","A/G","A/G","G/G","G/G","G/G","-/-","G/G","G/G","G/G","A/G","G/G","G/G","A/G","G/G","G/G","G/G","G/G","G/G","G/G","G/G","G/G","G/G","G/G","G/G","A/G","G/G","G/G","G/G","G/G","A/G","G/G","G/G","G/G","G/G","G/G","G/G","G/G","G/G","G/G","G/G","G/G","A/G","G/G","G/G","G/G","G/G","A/G","A/G","G/G","G/G","A/A","G/G","G/G","G/G","G/G","A/G","A/G","G/G","G/G","A/G","G/G","G/G","G/G","G/G","A/G","G/G","G/G","G/G","G/G","A/G","G/G","G/G","G/G","G/G","A/G","G/G","G/G","A/G","G/G","G/G","G/G","G/G","G/G","G/G","G/G","G/G","G/G","G/G","G/G","G/G","G/G","G/G","G/G","G/G","G/G","G/G","G/G","G/G","G/G","G/G","G/G","G/G","G/G","G/G","G/G","G/G","G/G","G/G","G/G","G/G","G/G","G/G","G/G","G/G","G/G","G/G","G/G","G/G","G/G","G/G","G/G","G/G","G/G","G/G","G/G","G/G","G/G","G/G","G/G","G/G","G/G","G/G","G/G","G/G","G/G","G/G","A/G","G/G","G/G","A/G","G/G","A/G","G/G","G/G","G/G","G/G","G/G","G/G","G/G","G/G","G/G","G/G","G/G","G/G","G/G","G/G","G/G","G/G","G/G","G/G","G/G","G/G","A/G","G/G","A/G","A/G","G/G","A/G","G/G","G/G","G/G","G/G","G/G","G/G","G/G","G/G","G/G","G/G","A/G","G/G","G/G","G/G","G/G","A/G","G/G","G/G","G/G","G/G","G/G","G/G","G/G","G/G","G/G","G/G","G/G","G/G","G/G","G/G","G/G","G/G","G/G","G/G","G/G","G/G","G/G","G/G","G/G","G/G","G/G","G/G","G/G","G/G","G/G","A/G","G/G","G/G","G/G","G/G","G/G","G/G","G/G","G/G","A/G","G/G","A/G","G/G","G/G","G/G","G/G","G/G","G/G","G/G","G/G","G/G","G/G","G/G","G/G","G/G","G/G","G/G","G/G","G/G","G/G","A/G","G/G","G/G","G/G","G/G","G/G","G/G","G/G","G/G","A/G","G/G","G/G","G/G","A/G","G/G","G/G","G/G","G/G","A/G","G/G","G/G","G/G","G/G","A/G","A/G","G/G","G/G","G/G","G/G","G/G","G/G","G/G","G/G","A/G","G/G","A/G","G/G","G/G","G/G","G/G","G/G","G/G","G/G","G/G","G/G","G/G","G/G","G/G","A/G","G/G","A/G","G/G","A/A","A/G","G/G","G/G","G/G","G/G","G/G","G/G","A/G","A/G","A/G","A/A","A/G","A/G","A/G","G/G","A/G","G/G","G/G","G/G","G/G","G/G","G/G","A/G","G/G","G/G","G/G","G/G","G/G","G/G","G/G","A/A","G/G","G/G","G/G","G/G","G/G","G/G","G/G","G/G","G/G","A/G","G/G","G/G","G/G","A/G","G/G","G/G","G/G","A/G","A/G","G/G","A/G","G/G","G/G","G/G","G/G","G/G","G/G","G/G","A/G","G/G","G/G","G/G","G/G","A/G","A/G","G/G","G/G","A/G","A/G","G/G","G/G","G/G","G/G","A/G","G/G","G/G","A/G","G/G","A/G","G/G","G/G","G/G","G/G","G/G","G/G","G/G","G/G","G/G","G/G","G/G","G/G","G/G","G/G","G/G","G/G","G/G","G/G","G/G","G/G","G/G","G/G","G/G","G/G","G/G","G/G","G/G","G/G","G/G","G/G","G/G","G/G","G/G","G/G","G/G","G/G","G/G","G/G","G/G","G/G","A/G","G/G","G/G","G/G","G/G","G/G","G/G","G/G","G/G","G/G","A/G","G/G","G/G","G/G","G/G","G/G","G/G","G/G","G/G","G/G","G/G","G/G","G/G","G/G","G/G","G/G","G/G","G/G","G/G","G/G","G/G","G/G","G/G","G/G","G/G","G/G","G/G","G/G","G/G","G/G","G/G","G/G","G/G","A/G","G/G","G/G","G/G","G/G","G/G","G/G","G/G","G/G","G/G","G/G","G/G","G/G","G/G","G/G","G/G","G/G","G/G","G/G","G/G","G/G","G/G","G/G","G/G","G/G","G/G","G/G","G/G","G/G","G/G","G/G","G/G","G/G","G/G","G/G","G/G","G/G","G/G","A/G","G/G","G/G","G/G","G/G","G/G","G/G","G/G","G/G","G/G","G/G","G/G","G/G","G/G","G/G","G/G","G/G","G/G","G/G","G/G","A/G","G/G","G/G","G/G","G/G","G/G","G/G","G/G","G/G","G/G","G/G","G/G","G/G","G/G","G/G","G/G","A/G","G/G","G/G","A/A","G/G","G/G","G/G","G/G","G/G","G/G","G/G","G/G","G/G","G/G","G/G","G/G","G/G","G/G","G/G","G/G","A/G","G/G","G/G","G/G","G/G","G/G","G/G","G/G","G/G","G/G","G/G","G/G","G/G","G/G","G/G","G/G","G/G","G/G","G/G","G/G","A/G","-/-","G/G","G/G","G/G","A/G","A/G","G/G","A/G","G/G","G/G","G/G","G/G","G/G","G/G","A/G","G/G","G/G","G/G","G/G","G/G","G/G","G/G","G/G","G/G","G/G","A/G","G/G","G/G","G/G","G/G","G/G","G/G","A/G","G/G","G/G","G/G","G/G","G/G","-/-","G/G","G/G","G/G","G/G","G/G","G/G","G/G","G/G","G/G","G/G","G/G","G/G","G/G","G/G","G/G","G/G","G/G","G/G","G/G","G/G","G/G","G/G","G/G","G/G","G/G","G/G","G/G","G/G","G/G","A/G","G/G","G/G","G/G","G/G","G/G","G/G","G/G","G/G","G/G","G/G","G/G","G/G","G/G","G/G","G/G","G/G","G/G","G/G","G/G","G/G","G/G","G/G","G/G","G/G","G/G","G/G","G/G","G/G","G/G","G/G","G/G","G/G","G/G","G/G","G/G","A/G","A/G","G/G","G/G","G/G","G/G","G/G","G/G","A/A","G/G","G/G","G/G","A/G","G/G","G/G","G/G","G/G","A/G","G/G","A/G","A/G","G/G","A/G","G/G","G/G","G/G","A/G","G/G","A/G","G/G","G/G","G/G","G/G","G/G","G/G","G/G","G/G","G/G","G/G","G/G","G/G","G/G","G/G","G/G","G/G","G/G","G/G","G/G","G/G","G/G","G/G","G/G","G/G","G/G","G/G","G/G","G/G","G/G","G/G","G/G","G/G","G/G","G/G","G/G","A/G","G/G","G/G","A/G","A/G","G/G","G/G","G/G","-/-","G/G","G/G","G/G","G/G","G/G","G/G","G/G","G/G","G/G","G/G","G/G","G/G","G/G","G/G","G/G","A/G","G/G","G/G","A/G","G/G","G/G","G/G","G/G","G/G","G/G","G/G","G/G","G/G","G/G","G/G","G/G","G/G","G/G","G/G","G/G","G/G","G/G","G/G","G/G","G/G","G/G","G/G","G/G","G/G","G/G","G/G","G/G","G/G","G/G","G/G","G/G","G/G","G/G","G/G","G/G","G/G","G/G","G/G","G/G","G/G","A/G","G/G","G/G","G/G","G/G","G/G","G/G","G/G","G/G","G/G","G/G","G/G","G/G","G/G","G/G","G/G","G/G","G/G","G/G","G/G","G/G","G/G","G/G","G/G","G/G","G/G","G/G","G/G","G/G","G/G","G/G","G/G","A/G","A/A","A/A","A/G","A/A","A/A","G/G","G/G","A/A","A/A","A/A","G/G","G/G","G/G","G/G","G/G","G/G","G/G","G/G","G/G","G/G","G/G","G/G","G/G","G/G","G/G","G/G","G/G","G/G","G/G","G/G","G/G","G/G","G/G","G/G","G/G","G/G","G/G","G/G","G/G","G/G","G/G","G/G","G/G","G/G","G/G","G/G","G/G","G/G"
"689","PZA03311.3","4","153293180","C/C","C/C","C/C","C/C","C/C","C/C","C/C","C/C","C/C","C/C","C/C","C/C","C/C","C/C","C/C","C/C","C/C","C/C","C/C","C/C","C/C","C/C","C/C","C/C","C/C","C/C","C/C","C/C","C/C","C/C","C/C","C/C","C/C","C/C","C/C","C/C","-/-","C/C","C/C","C/C","C/C","C/C","C/C","C/C","C/C","C/C","C/C","C/C","C/C","C/C","C/C","C/C","C/C","C/C","C/C","C/C","C/C","C/C","C/C","C/C","C/C","C/C","C/C","C/C","C/C","C/C","C/C","C/C","C/C","C/C","C/C","C/C","C/C","C/C","C/C","C/C","C/C","C/C","C/C","C/C","C/C","C/C","C/C","C/C","C/C","C/C","C/C","C/C","C/C","C/C","C/C","C/C","C/C","C/C","C/C","C/C","C/C","C/C","C/C","C/C","C/C","C/C","C/C","C/C","-/-","C/C","C/C","C/C","C/C","C/C","C/C","-/-","C/C","C/C","C/C","C/C","C/C","C/C","C/C","C/C","C/C","C/C","C/C","C/C","-/-","C/C","C/C","C/C","C/C","C/C","C/C","-/-","C/C","C/C","C/C","C/C","C/C","C/C","C/C","C/C","C/C","C/C","C/C","C/C","C/C","C/C","C/C","C/C","C/C","C/C","C/C","C/C","C/C","C/C","C/C","C/C","C/C","C/C","C/C","C/C","C/C","C/C","C/C","C/C","C/T","C/C","C/C","C/C","C/C","C/T","C/C","C/C","C/C","C/C","C/C","C/C","C/C","C/C","C/T","C/C","C/C","C/C","C/C","C/C","C/C","C/C","C/C","C/C","C/C","C/C","C/C","C/C","C/C","C/C","C/C","C/C","C/C","C/C","C/C","C/C","C/C","C/C","C/C","C/C","C/C","C/C","C/C","C/C","C/C","C/C","C/C","C/C","C/C","C/C","C/C","C/C","C/C","C/C","C/C","C/C","C/C","C/C","C/C","C/C","C/C","C/C","C/C","C/C","C/C","C/C","C/C","C/C","-/-","C/C","-/-","-/-","C/C","C/C","C/C","C/C","C/C","C/C","C/C","C/C","C/C","C/C","C/C","C/C","C/C","C/C","-/-","C/C","C/C","C/C","C/C","C/C","C/C","C/C","C/C","C/C","C/C","C/C","C/C","C/C","C/C","C/C","C/C","C/C","C/C","C/C","C/C","C/C","C/C","C/C","C/C","C/C","C/C","C/C","C/C","C/C","C/C","C/C","C/C","-/-","C/C","C/C","C/C","C/C","C/C","C/C","C/C","C/C","C/C","C/C","C/C","C/C","C/C","C/C","C/C","C/C","C/C","C/C","C/C","C/C","C/C","C/C","C/C","C/C","C/C","C/C","C/C","C/C","C/C","C/C","C/C","C/C","C/C","C/C","C/C","C/C","C/C","-/-","C/C","C/C","C/C","C/C","C/C","C/C","C/C","C/C","C/C","C/C","C/C","C/C","C/C","C/C","C/C","C/C","C/C","C/C","C/C","C/C","-/-","C/C","C/C","C/C","C/C","C/C","C/C","C/C","C/C","C/C","C/C","C/C","C/C","C/C","C/C","C/C","C/C","C/C","C/C","C/C","C/C","C/C","C/C","C/C","C/C","C/C","C/C","C/C","C/C","C/C","C/C","C/C","C/C","C/C","C/C","C/C","C/C","-/-","C/C","C/C","C/C","C/C","C/C","C/C","-/-","C/C","-/-","C/C","C/C","C/C","C/C","C/C","C/C","C/C","C/C","C/C","C/C","C/C","C/C","C/C","C/C","C/C","-/-","C/C","C/C","C/C","C/C","C/C","C/C","C/C","C/C","C/C","C/C","C/C","C/C","C/C","C/C","C/C","C/C","C/C","C/C","C/C","C/C","C/C","C/C","C/C","C/C","C/C","C/C","C/C","C/C","C/C","C/C","C/C","C/C","C/C","C/C","C/C","C/C","C/C","C/C","C/C","C/C","C/C","C/C","C/C","C/C","C/C","C/C","C/C","C/C","C/C","C/C","C/C","-/-","C/C","C/C","C/C","C/C","C/C","C/C","C/C","C/C","C/C","C/C","C/C","C/C","C/C","C/C","C/C","C/C","C/C","C/C","C/C","C/C","C/C","C/C","C/C","C/C","C/C","C/C","C/C","C/C","C/C","C/C","C/C","C/C","C/C","C/C","C/C","C/C","C/C","C/C","C/C","C/C","C/C","C/C","C/C","C/C","C/C","C/C","C/C","C/C","C/C","C/C","C/C","C/C","C/C","C/C","C/C","C/C","C/C","C/C","C/C","C/C","C/C","C/C","C/C","C/C","C/C","C/C","C/C","C/C","C/C","C/C","C/C","C/C","C/C","C/C","C/C","C/C","C/C","C/C","C/C","C/C","C/C","C/C","C/C","C/C","C/C","C/C","C/C","C/C","C/C","C/C","C/C","C/C","C/C","C/C","C/T","C/C","C/C","C/C","C/C","T/T","C/C","T/T","C/C","C/T","C/C","C/T","C/C","C/C","-/-","C/T","C/C","C/C","C/C","C/T","C/C","T/T","C/T","C/C","C/C","C/T","T/T","C/C","C/C","C/C","C/C","C/C","C/C","C/C","C/C","C/C","C/C","C/C","C/C","C/C","C/C","C/C","C/C","C/C","C/C","C/C","C/C","C/C","C/C","C/C","-/-","C/C","C/C","C/C","C/C","C/C","C/C","C/C","C/C","C/C","C/C","C/C","C/C","C/C","C/C","C/C","C/C","C/C","C/C","C/C","C/C","C/C","C/C","C/C","C/C","C/C","C/C","C/C","C/C","C/C","C/C","C/C","C/C","C/C","C/C","C/C","C/C","C/C","C/C","-/-","C/C","C/C","C/C","C/C","C/C","C/C","C/C","C/C","C/C","C/C","C/C","C/C","C/C","C/C","-/-","C/C","C/C","C/C","C/C","C/T","C/C","C/C","C/C","C/C","-/-","C/C","C/C","C/C","C/C","C/C","C/C","C/C","C/C","C/C","C/C","C/C","C/C","C/C","C/C","C/C","C/C","C/C","C/C","C/C","C/C","C/C","C/C","C/C","C/C","C/C","C/C","C/C","C/C","C/C","C/C","C/C","C/C","C/C","C/C","C/C","C/C","C/C","C/C","C/C","C/C","C/C","C/C","C/C","C/C","C/C","C/C","C/C","C/C","C/C","C/C","C/C","C/C","C/C","C/C","C/C","C/C","C/C","C/T","C/C","C/C","C/C","C/C","C/C","C/C","C/C","C/C","C/C","C/C","C/C","C/C","C/C","C/C","C/C","C/C","C/C","C/C","C/C","C/C","C/C","C/C","C/C","C/C","C/C","C/C","C/C","C/C","C/C","C/C","C/C","C/C","C/C","C/C","C/C","C/C","C/C","C/C","C/C","C/C","C/C","C/C","C/C","C/C","C/C","C/C","C/C","C/C","C/C","C/C","C/C","C/C","C/C","C/C","C/C","C/C","C/C","C/C","C/C","-/-","C/C","C/C","C/C","C/C","C/C","C/C","C/C","C/C","C/C","C/C","C/C","C/C","C/C","C/C","C/C","C/C","C/C","C/C","C/C","C/C","C/C","C/C","C/C","C/C","C/C","C/C","C/C","C/C","C/C","C/C","C/C","C/C","C/C","C/C","C/C","C/C","C/C","C/C","C/C","C/C","C/C","C/C","-/-","C/C","C/C","C/C","C/C","C/C","C/C","C/C","C/C","C/C","C/C","C/C","C/C","C/C","C/C","C/C","C/C","C/C","C/C","C/C","C/C","C/C","C/C","C/C","C/C","C/C","C/C","C/C","C/C","C/C","C/C","C/C","C/C","C/C","C/C","C/C","C/C","C/C","C/C","C/C","C/C","C/C","C/C","C/C","C/C","C/C","C/C","C/C","C/C","C/C","C/C","C/C","C/C","C/C","C/C","C/C","C/C","C/C","C/C","C/C","C/C","C/C","C/C","C/C","C/C","C/C","C/C","C/C","C/C","C/C","C/C","C/C","C/C","C/C","C/T","C/C","C/C","C/C","C/C","C/C","C/C","C/C","C/C","C/C","C/C","C/C","-/-","-/-","C/C","C/C","C/C","C/C","C/C","C/C","C/C","C/C","C/C","C/C","C/C","C/C","C/C","C/C","C/C","C/C","C/C","C/C","-/-","C/C","C/C","C/C","C/C","C/C","C/C","C/C","C/C","C/C","C/C","C/C","C/C","C/C","C/C","C/C","C/C","C/C","C/C","C/C","C/C","C/C","C/C","C/C","C/C","C/C","C/C","C/C","C/C","C/C","C/C","C/C","C/C","C/C","C/C","C/C","C/C","C/C","C/C","C/C","C/C","C/C","C/C"
"688","PZA03311.2","4","153293139","C/C","C/G","C/C","C/C","C/C","C/C","C/C","C/G","C/C","C/C","C/C","C/C","C/C","C/C","C/C","C/C","C/G","C/G","C/C","C/C","C/C","C/C","C/C","C/C","C/C","C/C","C/G","C/C","C/G","C/C","-/-","C/C","C/G","G/G","C/C","-/-","C/C","-/-","C/G","C/C","C/C","-/-","C/C","C/C","C/G","C/C","C/G","C/C","C/G","C/C","C/G","-/-","C/C","C/C","C/G","C/G","C/C","C/C","C/G","C/G","C/G","-/-","C/C","-/-","C/C","C/C","G/G","C/G","C/G","C/G","C/G","C/C","-/-","C/C","C/C","C/C","-/-","C/C","C/C","C/G","C/C","C/C","G/G","C/G","C/G","C/G","C/C","C/C","C/C","C/G","C/C","-/-","C/G","-/-","C/C","C/C","G/G","C/C","-/-","C/C","C/C","C/C","C/C","C/C","C/C","C/C","C/C","C/C","C/C","C/C","-/-","-/-","C/C","C/G","C/C","-/-","C/G","C/C","C/C","C/C","C/G","C/G","-/-","C/C","C/C","C/C","C/C","G/G","C/C","C/C","C/C","C/C","C/G","C/C","C/G","C/C","G/G","C/C","C/C","C/G","C/G","C/C","C/C","-/-","C/C","C/C","C/C","C/C","C/C","C/C","C/G","C/C","C/C","C/G","-/-","C/G","C/G","C/C","C/C","C/C","C/C","C/C","C/C","C/G","C/C","-/-","C/C","C/C","C/C","C/C","C/G","C/C","G/G","C/G","C/C","C/C","C/C","C/G","C/G","C/C","C/C","C/G","C/C","C/C","C/C","G/G","C/C","C/C","C/C","C/C","C/C","C/G","G/G","C/C","G/G","G/G","C/G","-/-","C/G","C/C","-/-","C/G","C/C","C/C","C/G","C/C","-/-","C/C","G/G","G/G","G/G","C/G","-/-","C/G","G/G","G/G","C/G","C/G","C/C","C/C","C/G","C/C","C/C","C/C","C/C","-/-","C/G","C/G","G/G","C/G","C/C","C/G","C/G","C/C","C/C","C/C","-/-","C/G","C/G","C/C","C/C","G/G","-/-","C/C","C/C","C/C","-/-","C/G","C/C","C/G","C/C","C/C","C/C","C/C","C/G","C/G","G/G","C/G","C/G","C/G","C/C","C/C","G/G","C/G","C/C","C/C","C/G","G/G","C/G","C/G","C/C","-/-","C/C","C/C","C/C","C/C","C/G","C/G","C/C","C/G","C/G","-/-","C/C","-/-","C/C","C/C","C/C","C/C","C/C","-/-","C/G","C/G","C/G","C/C","G/G","C/C","C/C","C/G","C/G","G/G","G/G","C/C","C/C","C/C","-/-","C/C","C/C","C/G","C/C","C/C","C/G","C/C","C/G","C/C","-/-","C/C","C/C","C/C","C/G","C/C","C/C","C/G","C/C","C/C","C/C","-/-","-/-","G/G","C/C","G/G","C/C","C/G","C/G","C/G","C/G","C/C","C/C","G/G","C/C","C/C","C/C","C/C","C/C","C/G","C/G","C/C","C/C","C/C","C/C","-/-","C/C","C/G","C/C","C/C","C/G","C/G","-/-","C/G","C/G","C/C","C/C","C/C","C/C","-/-","G/G","C/G","C/G","C/C","C/C","C/G","C/C","C/C","C/G","G/G","C/G","C/G","C/G","C/C","C/C","G/G","C/C","G/G","C/C","-/-","C/C","C/C","C/C","C/C","-/-","C/C","C/C","C/G","C/C","-/-","-/-","C/G","C/C","C/C","C/C","-/-","C/C","C/C","G/G","C/G","C/G","C/G","C/G","C/C","C/C","C/C","C/C","-/-","C/C","C/C","C/G","C/G","C/C","C/G","C/G","C/C","C/C","G/G","G/G","C/G","C/C","G/G","C/C","C/C","-/-","C/C","C/C","C/G","C/G","C/C","C/C","C/G","C/G","C/C","C/C","C/C","G/G","C/G","G/G","C/G","C/C","C/G","-/-","C/C","C/C","-/-","C/G","C/C","C/G","C/C","C/G","C/C","C/C","C/C","C/C","C/G","C/G","C/C","C/C","C/C","C/C","C/C","C/C","C/C","-/-","C/C","C/C","C/C","C/C","C/C","C/C","C/C","C/C","C/C","C/C","-/-","C/C","G/G","C/G","-/-","C/C","C/C","G/G","C/C","C/G","C/C","C/C","C/C","C/C","C/G","C/G","C/G","C/C","C/G","C/C","C/C","C/G","C/G","C/G","C/G","C/G","C/C","C/G","C/G","-/-","C/G","G/G","C/G","C/G","C/C","C/G","C/G","C/G","C/G","C/G","C/G","G/G","C/G","C/G","C/G","C/C","C/G","-/-","C/C","C/C","C/C","C/C","C/G","C/C","C/G","-/-","C/C","-/-","C/C","C/C","C/G","-/-","C/C","-/-","C/C","C/G","C/C","C/C","C/C","C/G","C/C","C/C","C/G","G/G","G/G","G/G","G/G","C/C","C/C","C/G","C/C","C/C","C/C","C/C","C/C","C/G","C/C","-/-","-/-","C/C","-/-","C/C","C/C","C/C","C/C","-/-","C/G","C/C","C/C","C/G","C/G","C/C","C/G","C/G","C/C","C/C","G/G","G/G","C/G","-/-","-/-","C/C","G/G","C/C","C/C","C/C","C/C","C/C","G/G","C/C","C/C","C/C","-/-","C/G","C/C","C/C","C/C","C/C","C/C","C/G","C/G","C/C","C/C","-/-","C/C","C/G","C/C","C/C","C/G","C/C","C/C","C/G","C/G","C/C","-/-","G/G","C/G","C/C","C/C","C/C","C/G","C/G","C/C","C/C","C/C","G/G","C/G","C/C","C/G","C/C","C/G","C/G","C/G","C/G","C/C","G/G","C/G","C/G","-/-","C/C","C/C","G/G","C/G","-/-","G/G","C/C","-/-","C/C","C/C","C/C","C/C","C/C","C/C","C/C","G/G","C/C","C/C","-/-","C/G","C/G","C/C","C/C","C/C","C/C","C/C","C/C","C/C","C/G","C/G","C/G","C/C","G/G","G/G","C/C","C/C","C/G","G/G","-/-","C/C","C/C","C/C","C/C","G/G","C/C","C/C","C/C","C/C","C/C","-/-","G/G","G/G","-/-","C/C","-/-","G/G","C/C","C/C","C/C","C/G","C/C","C/G","C/G","C/C","C/C","C/C","C/G","C/C","C/C","C/C","G/G","C/C","C/C","C/G","-/-","C/C","C/C","C/C","C/C","C/C","C/C","C/C","C/C","-/-","C/G","C/G","C/G","G/G","C/G","-/-","C/C","C/G","C/G","C/C","G/G","C/G","C/C","C/C","C/C","C/C","G/G","-/-","C/C","C/G","G/G","G/G","C/C","C/C","C/G","C/C","-/-","G/G","C/C","C/C","C/G","G/G","C/C","C/C","-/-","-/-","-/-","C/C","G/G","C/G","C/C","C/C","C/C","C/G","G/G","C/G","G/G","C/C","C/G","C/C","-/-","C/G","C/G","C/C","C/G","C/G","C/C","C/C","C/C","C/C","C/G","C/C","C/C","C/C","C/C","-/-","G/G","C/G","C/G","C/G","C/C","C/C","C/C","C/C","C/G","-/-","G/G","C/G","C/G","C/C","C/C","C/C","C/G","C/C","G/G","G/G","-/-","C/G","C/G","C/C","C/C","C/C","C/C","C/C","C/G","C/C","C/C","C/C","C/G","G/G","C/C","C/C","C/C","C/G","C/C","C/G","C/C","C/C","-/-","C/C","C/C","C/G","C/C","C/G","-/-","C/C","C/C","C/C","C/G","G/G","C/C","C/C","G/G","C/G","-/-","-/-","C/C","C/C","C/G","C/G","C/C","C/C","C/G","C/C","C/G","C/G","G/G","C/C","C/G","C/G","C/G","C/G","G/G","C/G","C/G","C/G","G/G","C/G","G/G","C/G","G/G","G/G","-/-","C/G","C/G","G/G","C/G","C/G","G/G","C/G","C/C","C/G","C/G","C/G","C/C","G/G","-/-","C/G","C/G","C/G","C/C","C/C","C/G","C/G","C/C","G/G","C/C","C/C","C/C","C/C","G/G","G/G","C/G","C/G","G/G","G/G","C/C","C/G","G/G","C/G","C/G","C/G","C/C","C/G","C/C","C/C","C/C","C/C","C/C","C/C","G/G","C/G","-/-","C/C","C/C","G/G","G/G","G/G","G/G","G/G","C/C","C/C","C/C","C/C","G/G","G/G","G/G","G/G","G/G","G/G","G/G","G/G","G/G","C/C","C/C","C/C","C/C","C/C","C/C","C/C","-/-","-/-","C/C","G/G","G/G","G/G","C/C","C/C","C/C","C/C","G/G","G/G","G/G"
"371","PZA00523.2","4","148408488","G/G","A/G","G/G","G/G","A/A","G/G","G/G","G/G","A/A","G/G","G/G","G/G","G/G","G/G","G/G","G/G","G/G","-/-","G/G","A/G","A/A","A/A","G/G","A/G","A/G","G/G","G/G","G/G","G/G","G/G","A/G","G/G","A/G","A/A","G/G","G/G","G/G","G/G","G/G","G/G","G/G","G/G","G/G","G/G","G/G","A/G","A/G","A/G","G/G","A/G","G/G","A/G","G/G","G/G","G/G","A/G","G/G","G/G","A/G","G/G","G/G","G/G","G/G","A/A","A/G","A/G","G/G","G/G","G/G","A/G","G/G","G/G","G/G","G/G","G/G","A/G","G/G","A/G","A/G","G/G","G/G","A/G","G/G","G/G","G/G","G/G","-/-","A/G","A/G","G/G","G/G","A/G","G/G","G/G","G/G","G/G","G/G","A/G","G/G","G/G","G/G","G/G","G/G","G/G","G/G","G/G","G/G","G/G","G/G","G/G","G/G","A/G","G/G","G/G","G/G","G/G","G/G","G/G","G/G","G/G","G/G","G/G","G/G","G/G","G/G","G/G","G/G","G/G","G/G","G/G","G/G","G/G","G/G","G/G","G/G","G/G","G/G","G/G","G/G","G/G","G/G","G/G","G/G","G/G","G/G","G/G","G/G","G/G","G/G","G/G","G/G","A/A","G/G","G/G","G/G","G/G","G/G","G/G","G/G","A/G","G/G","G/G","A/G","G/G","A/G","G/G","G/G","G/G","G/G","G/G","G/G","G/G","G/G","G/G","G/G","G/G","A/A","G/G","G/G","G/G","G/G","G/G","G/G","G/G","G/G","G/G","G/G","A/G","A/A","A/A","G/G","A/G","G/G","G/G","-/-","A/A","A/G","G/G","A/G","A/A","A/G","G/G","A/G","A/G","A/A","G/G","A/G","A/G","A/G","G/G","A/G","G/G","A/G","G/G","G/G","G/G","A/A","A/A","A/G","G/G","G/G","A/A","G/G","G/G","G/G","G/G","G/G","G/G","G/G","A/G","G/G","G/G","A/G","G/G","G/G","G/G","G/G","G/G","G/G","G/G","A/G","G/G","G/G","G/G","G/G","G/G","G/G","A/G","A/G","G/G","A/G","A/A","G/G","G/G","G/G","G/G","G/G","G/G","G/G","G/G","G/G","G/G","G/G","G/G","G/G","G/G","G/G","G/G","G/G","G/G","G/G","G/G","G/G","G/G","G/G","G/G","G/G","A/G","G/G","G/G","A/G","G/G","G/G","G/G","G/G","G/G","G/G","A/G","G/G","G/G","A/G","A/G","G/G","A/G","G/G","A/A","A/A","G/G","G/G","G/G","A/A","-/-","A/A","A/G","A/A","A/A","A/A","A/G","A/G","A/G","-/-","G/G","A/G","A/G","A/G","G/G","G/G","G/G","A/G","G/G","A/G","G/G","G/G","G/G","G/G","G/G","A/A","A/G","G/G","-/-","G/G","-/-","A/A","A/A","A/A","A/A","A/G","A/A","A/A","A/A","-/-","A/A","-/-","A/G","A/A","G/G","A/A","A/A","A/A","A/A","A/A","A/G","A/G","A/G","A/G","G/G","A/G","A/G","A/G","A/A","A/G","A/G","A/G","G/G","G/G","A/G","G/G","A/G","A/G","A/G","A/G","A/G","G/G","A/G","G/G","A/G","G/G","A/G","A/G","G/G","G/G","G/G","A/G","G/G","A/G","G/G","A/G","A/G","A/G","A/A","G/G","A/G","A/G","G/G","A/G","A/G","G/G","A/G","A/A","A/G","A/A","G/G","A/G","G/G","G/G","G/G","G/G","G/G","G/G","A/G","G/G","G/G","G/G","G/G","A/G","G/G","G/G","A/G","A/G","A/G","A/G","G/G","A/A","A/A","G/G","A/A","G/G","A/G","A/G","A/G","A/G","A/A","G/G","A/A","-/-","G/G","G/G","A/G","G/G","A/A","G/G","G/G","A/G","-/-","A/G","G/G","G/G","G/G","A/G","A/G","A/G","G/G","A/G","G/G","G/G","-/-","G/G","-/-","G/G","G/G","A/G","G/G","A/G","A/G","G/G","G/G","G/G","A/G","G/G","A/G","G/G","G/G","A/G","G/G","A/G","G/G","A/G","G/G","A/G","A/G","G/G","G/G","G/G","A/G","-/-","G/G","G/G","G/G","A/A","A/A","A/G","G/G","A/G","A/A","A/G","G/G","G/G","G/G","A/G","A/G","G/G","A/G","A/G","G/G","G/G","G/G","G/G","A/G","A/G","G/G","A/G","G/G","G/G","A/G","G/G","A/G","G/G","G/G","G/G","A/A","G/G","G/G","G/G","A/G","A/G","A/G","A/A","G/G","G/G","G/G","G/G","A/G","G/G","A/G","G/G","G/G","G/G","G/G","A/A","A/G","A/G","G/G","A/G","A/A","G/G","G/G","A/G","-/-","A/G","G/G","G/G","G/G","A/G","A/A","A/G","A/A","A/A","A/G","A/A","A/G","A/G","A/G","A/A","A/G","A/A","A/A","A/G","A/A","G/G","A/G","A/A","A/A","A/G","A/G","A/A","A/A","A/G","A/G","G/G","G/G","G/G","A/G","G/G","A/G","G/G","A/A","G/G","G/G","G/G","G/G","G/G","G/G","G/G","G/G","G/G","A/G","G/G","A/A","A/G","A/G","A/G","A/G","A/G","-/-","G/G","A/G","G/G","A/A","A/G","A/G","A/G","A/G","G/G","G/G","-/-","G/G","A/G","G/G","G/G","G/G","G/G","A/G","A/G","G/G","G/G","G/G","A/G","A/G","A/A","G/G","G/G","A/G","G/G","G/G","G/G","A/G","G/G","A/G","A/G","A/G","G/G","A/A","G/G","G/G","G/G","G/G","A/G","G/G","A/A","A/G","A/A","G/G","A/A","G/G","A/G","A/A","G/G","A/A","A/G","A/A","G/G","G/G","G/G","G/G","A/G","A/A","G/G","A/G","G/G","A/G","A/G","A/G","G/G","A/G","-/-","G/G","A/G","A/G","G/G","G/G","A/A","G/G","G/G","A/G","G/G","A/A","A/G","A/G","G/G","G/G","G/G","A/G","A/G","A/G","G/G","A/G","A/G","A/G","A/A","A/G","G/G","G/G","G/G","A/G","-/-","-/-","A/G","G/G","A/G","G/G","G/G","A/G","A/G","A/A","G/G","A/G","G/G","A/G","A/G","A/G","G/G","G/G","G/G","G/G","A/G","G/G","G/G","G/G","A/G","A/A","-/-","G/G","G/G","A/G","G/G","A/G","G/G","A/A","A/G","A/G","G/G","A/G","A/A","A/G","A/G","A/G","A/A","A/G","-/-","A/G","A/G","G/G","G/G","A/G","A/A","-/-","A/G","A/A","A/A","A/A","A/G","A/A","G/G","G/G","A/G","A/G","A/G","A/G","G/G","G/G","-/-","G/G","A/G","G/G","A/G","A/A","A/G","A/A","G/G","A/G","A/A","G/G","G/G","A/G","A/G","G/G","G/G","G/G","G/G","G/G","G/G","G/G","G/G","G/G","G/G","G/G","G/G","G/G","G/G","G/G","G/G","G/G","G/G","G/G","G/G","G/G","G/G","G/G","G/G","G/G","G/G","G/G","G/G","G/G","G/G","G/G","G/G","G/G","G/G","G/G","G/G","G/G","G/G","G/G","G/G","A/G","A/G","G/G","G/G","G/G","G/G","G/G","A/G","G/G","G/G","G/G","G/G","G/G","G/G","A/G","G/G","A/A","G/G","G/G","G/G","A/G","G/G","G/G","G/G","G/G","G/G","G/G","A/G","A/G","A/G","A/A","G/G","-/-","A/G","G/G","G/G","G/G","G/G","G/G","G/G","G/G","A/A","G/G","G/G","G/G","-/-","G/G","G/G","G/G","G/G","G/G","G/G","G/G","G/G","G/G","A/G","G/G","G/G","G/G","G/G","G/G","G/G","G/G","G/G","G/G","G/G","G/G","G/G","-/-","G/G","G/G","G/G","G/G","G/G","G/G","G/G","G/G","G/G","G/G","G/G","G/G","G/G","G/G","G/G","G/G","G/G","G/G","G/G","A/A","-/-","-/-","A/A","G/G","A/A","A/G","G/G","G/G","A/A","G/G","A/A","A/A","G/G","A/G","G/G","A/A","G/G","G/G","A/A","A/A","A/A","A/A","-/-","A/A","G/G","G/G","G/G","G/G","G/G","G/G","G/G","G/G","G/G","G/G","G/G","G/G","G/G","G/G","G/G","G/G","G/G","G/G","G/G","G/G","G/G","G/G","G/G","G/G","G/G","G/G","G/G","A/G","-/-","G/G","G/G","-/-","G/G","G/G","G/G","G/G","G/G"
"587","PZA02982.6","4","148401263","T/T","T/T","T/T","T/T","T/T","T/T","T/T","T/T","T/T","T/T","T/T","T/T","T/T","T/T","T/T","T/T","T/T","T/T","C/T","T/T","T/T","C/T","C/T","-/-","C/C","C/T","-/-","T/T","T/T","T/T","C/T","C/T","C/T","T/T","C/T","T/T","C/T","T/T","C/C","T/T","T/T","C/T","T/T","T/T","C/T","T/T","T/T","T/T","T/T","C/T","T/T","T/T","T/T","T/T","T/T","T/T","T/T","T/T","T/T","C/T","T/T","T/T","T/T","T/T","T/T","T/T","-/-","C/T","C/T","C/T","C/T","C/T","T/T","C/T","C/T","C/T","C/T","T/T","C/T","T/T","T/T","T/T","T/T","T/T","T/T","C/T","C/T","T/T","T/T","T/T","T/T","-/-","T/T","T/T","T/T","C/T","T/T","T/T","T/T","T/T","T/T","T/T","T/T","T/T","T/T","T/T","T/T","C/T","T/T","T/T","T/T","T/T","T/T","T/T","T/T","T/T","C/T","T/T","C/T","T/T","T/T","C/T","-/-","T/T","T/T","T/T","T/T","T/T","T/T","-/-","T/T","C/C","T/T","T/T","T/T","T/T","C/T","T/T","T/T","T/T","T/T","C/T","T/T","T/T","T/T","T/T","T/T","-/-","T/T","-/-","T/T","T/T","T/T","-/-","T/T","T/T","T/T","T/T","T/T","T/T","T/T","T/T","T/T","T/T","T/T","T/T","T/T","T/T","T/T","-/-","T/T","T/T","T/T","C/T","T/T","T/T","T/T","T/T","T/T","T/T","T/T","T/T","T/T","T/T","T/T","T/T","T/T","C/T","C/T","T/T","-/-","T/T","T/T","T/T","T/T","T/T","T/T","T/T","T/T","T/T","T/T","T/T","T/T","C/T","T/T","T/T","T/T","C/T","T/T","T/T","T/T","T/T","T/T","C/T","T/T","T/T","T/T","T/T","C/T","T/T","T/T","T/T","T/T","T/T","T/T","T/T","T/T","T/T","T/T","-/-","T/T","T/T","T/T","T/T","C/T","T/T","-/-","T/T","C/T","T/T","T/T","T/T","T/T","T/T","C/T","T/T","T/T","T/T","T/T","T/T","T/T","T/T","T/T","T/T","T/T","-/-","T/T","T/T","T/T","C/T","T/T","T/T","-/-","T/T","T/T","C/C","T/T","T/T","T/T","T/T","T/T","C/T","C/T","T/T","C/T","-/-","T/T","T/T","T/T","-/-","C/T","T/T","T/T","T/T","T/T","T/T","T/T","C/T","T/T","T/T","T/T","T/T","T/T","T/T","T/T","T/T","T/T","T/T","T/T","T/T","T/T","T/T","T/T","T/T","T/T","T/T","T/T","T/T","T/T","T/T","C/T","C/C","C/T","T/T","T/T","T/T","T/T","T/T","C/T","T/T","T/T","T/T","T/T","-/-","T/T","T/T","T/T","C/T","T/T","C/T","-/-","T/T","T/T","T/T","T/T","T/T","T/T","T/T","T/T","T/T","T/T","-/-","T/T","T/T","T/T","T/T","T/T","T/T","T/T","T/T","T/T","T/T","T/T","T/T","T/T","C/T","T/T","T/T","T/T","T/T","T/T","-/-","T/T","C/T","T/T","T/T","T/T","T/T","T/T","T/T","T/T","T/T","T/T","T/T","T/T","T/T","T/T","T/T","T/T","T/T","C/T","T/T","T/T","T/T","T/T","T/T","T/T","T/T","T/T","T/T","T/T","C/T","T/T","T/T","-/-","T/T","T/T","T/T","C/T","T/T","T/T","T/T","T/T","C/T","T/T","C/T","T/T","C/T","T/T","C/T","T/T","T/T","T/T","-/-","T/T","T/T","T/T","T/T","-/-","T/T","T/T","T/T","T/T","T/T","T/T","T/T","T/T","C/T","T/T","C/T","T/T","T/T","T/T","T/T","T/T","T/T","T/T","-/-","T/T","T/T","T/T","T/T","C/T","T/T","T/T","-/-","T/T","T/T","T/T","T/T","C/T","T/T","C/T","T/T","T/T","T/T","T/T","T/T","T/T","T/T","C/T","T/T","T/T","C/T","T/T","C/C","T/T","C/T","C/T","T/T","T/T","C/T","C/T","C/C","C/T","C/T","T/T","C/T","T/T","C/T","-/-","C/T","C/T","C/T","-/-","T/T","T/T","T/T","T/T","C/T","C/T","T/T","T/T","T/T","T/T","T/T","T/T","T/T","T/T","C/T","C/T","T/T","T/T","T/T","C/T","T/T","C/T","C/T","T/T","T/T","T/T","C/T","T/T","T/T","T/T","T/T","T/T","T/T","C/T","T/T","T/T","T/T","T/T","T/T","C/T","T/T","T/T","T/T","T/T","T/T","T/T","T/T","T/T","C/T","T/T","T/T","-/-","T/T","T/T","T/T","-/-","C/T","T/T","T/T","C/T","T/T","T/T","T/T","T/T","T/T","T/T","T/T","T/T","-/-","C/T","T/T","T/T","T/T","T/T","T/T","T/T","C/T","T/T","-/-","T/T","T/T","C/T","T/T","T/T","C/T","T/T","T/T","T/T","T/T","T/T","T/T","T/T","T/T","T/T","T/T","T/T","T/T","T/T","T/T","T/T","T/T","T/T","C/C","C/T","C/C","T/T","T/T","C/T","T/T","T/T","T/T","C/T","C/T","C/T","T/T","-/-","C/T","C/T","C/T","T/T","C/T","C/T","C/T","T/T","C/T","C/T","C/T","T/T","T/T","T/T","C/T","T/T","C/T","C/T","T/T","T/T","-/-","T/T","C/T","T/T","C/C","T/T","T/T","T/T","T/T","C/T","T/T","C/T","C/T","T/T","T/T","T/T","T/T","T/T","C/T","C/T","T/T","T/T","T/T","C/T","T/T","C/T","T/T","T/T","T/T","T/T","T/T","T/T","C/T","T/T","T/T","T/T","T/T","T/T","T/T","T/T","-/-","T/T","T/T","C/T","T/T","T/T","C/T","T/T","T/T","T/T","T/T","T/T","C/T","C/T","T/T","C/T","T/T","T/T","C/T","T/T","T/T","T/T","C/T","T/T","T/T","T/T","-/-","T/T","T/T","T/T","T/T","C/T","T/T","T/T","C/T","T/T","T/T","T/T","T/T","T/T","T/T","T/T","T/T","T/T","T/T","T/T","T/T","C/T","T/T","T/T","C/T","T/T","T/T","T/T","T/T","C/T","C/T","T/T","C/T","-/-","C/T","T/T","T/T","T/T","T/T","T/T","C/T","T/T","T/T","T/T","C/T","T/T","T/T","T/T","T/T","C/T","T/T","T/T","T/T","C/T","C/T","T/T","T/T","T/T","C/T","T/T","T/T","C/T","T/T","C/T","C/T","T/T","C/T","T/T","T/T","C/T","C/T","C/T","T/T","T/T","-/-","T/T","T/T","T/T","T/T","T/T","T/T","T/T","-/-","T/T","T/T","T/T","T/T","C/T","T/T","C/T","T/T","T/T","T/T","C/T","T/T","C/T","T/T","-/-","T/T","T/T","T/T","T/T","T/T","T/T","T/T","-/-","T/T","T/T","T/T","C/T","T/T","T/T","T/T","T/T","T/T","T/T","T/T","T/T","T/T","T/T","T/T","T/T","T/T","T/T","T/T","T/T","T/T","-/-","T/T","T/T","T/T","T/T","T/T","T/T","C/T","T/T","T/T","T/T","T/T","T/T","T/T","T/T","T/T","T/T","C/T","-/-","T/T","T/T","T/T","T/T","T/T","T/T","T/T","C/T","-/-","T/T","T/T","T/T","T/T","T/T","C/T","T/T","C/T","T/T","C/T","T/T","T/T","T/T","T/T","T/T","T/T","T/T","T/T","T/T","-/-","C/T","C/T","T/T","T/T","T/T","C/T","T/T","C/T","T/T","C/T","T/T","T/T","T/T","T/T","T/T","T/T","T/T","C/T","T/T","T/T","T/T","T/T","T/T","T/T","T/T","T/T","T/T","T/T","T/T","T/T","T/T","T/T","T/T","T/T","T/T","T/T","T/T","T/T","T/T","T/T","T/T","T/T","T/T","T/T","T/T","T/T","T/T","T/T","C/T","T/T","T/T","T/T","T/T","T/T","T/T","T/T","T/T","T/T","T/T","T/T","T/T","-/-","T/T","T/T","T/T","T/T","T/T","T/T","T/T","T/T","T/T","T/T","T/T","T/T","T/T","T/T","C/T","T/T","T/T","T/T","T/T","T/T","T/T","T/T","T/T","T/T","T/T","C/C","C/C","T/T","T/T","T/T","T/T","T/T","T/T","T/T","T/T","T/T","T/T","T/T","T/T","T/T","T/T","T/T","T/T","T/T","T/T","T/T","T/T","T/T","T/T","T/T","T/T"
"586","PZA02982.5","4","148401074","C/C","C/T","C/T","C/C","C/C","C/C","-/-","C/C","T/T","C/T","C/C","T/T","T/T","C/T","C/T","C/T","T/T","C/C","C/C","C/C","C/T","-/-","C/T","C/C","C/C","C/C","C/C","T/T","C/T","C/C","C/T","C/T","C/C","C/T","C/C","C/C","C/C","C/T","C/C","C/T","C/T","C/T","C/T","T/T","C/C","C/T","C/T","T/T","T/T","C/T","C/T","T/T","T/T","T/T","C/C","C/T","T/T","C/T","T/T","-/-","C/T","C/T","C/T","C/C","C/C","C/T","C/T","C/C","C/C","C/C","C/T","C/T","C/T","C/T","C/T","C/T","C/T","C/T","C/T","C/C","T/T","C/T","C/C","C/C","C/T","C/C","C/T","C/C","C/T","C/T","C/T","C/C","C/T","C/T","C/C","C/C","C/T","C/C","C/T","C/T","C/T","-/-","C/C","C/T","T/T","C/C","C/T","C/C","C/T","T/T","C/T","C/T","-/-","T/T","T/T","C/C","C/T","C/T","C/T","C/T","C/T","C/C","C/C","C/T","C/T","C/T","C/C","C/T","C/C","T/T","C/T","C/C","T/T","C/T","C/T","-/-","C/C","T/T","C/C","C/T","C/T","C/C","T/T","C/C","C/T","C/C","C/T","-/-","C/T","C/C","T/T","T/T","T/T","C/T","C/T","C/C","C/T","T/T","C/T","C/T","C/T","C/T","C/C","T/T","C/C","C/C","C/C","C/T","C/T","C/T","C/C","C/T","C/C","C/C","C/C","C/C","C/C","C/T","T/T","C/C","C/C","C/T","C/C","C/T","C/T","C/C","C/C","C/C","C/T","T/T","C/C","-/-","C/C","C/C","C/C","C/C","C/C","C/C","C/C","C/C","C/C","C/C","C/C","C/C","C/C","C/C","C/C","C/C","C/C","C/T","C/C","C/C","C/C","C/C","C/C","C/C","T/T","T/T","C/C","C/T","C/C","C/C","T/T","T/T","C/T","C/C","C/T","C/C","C/C","T/T","C/T","C/C","C/T","C/T","C/C","C/T","C/C","C/T","C/T","C/T","C/T","C/C","C/T","C/C","C/T","C/C","C/C","C/T","C/C","C/C","C/C","C/C","C/T","C/C","C/T","C/C","C/C","C/T","C/C","C/C","C/T","C/C","C/C","C/C","C/T","C/C","C/C","C/T","C/C","C/C","C/C","C/C","C/C","C/C","C/C","C/T","C/C","C/T","C/C","C/C","C/C","C/C","C/C","C/C","C/C","C/C","C/C","C/C","C/C","C/C","C/T","C/T","C/C","C/C","C/C","C/T","C/C","C/C","C/C","C/C","C/T","C/T","C/C","C/C","C/T","C/T","T/T","T/T","C/T","C/T","C/C","C/C","C/C","C/T","C/T","C/T","C/T","C/T","C/T","C/T","T/T","C/C","C/C","C/C","C/T","C/T","C/T","C/T","C/T","C/T","C/T","T/T","-/-","C/T","C/C","C/C","C/T","C/T","T/T","C/C","T/T","T/T","C/T","C/C","C/C","T/T","T/T","C/C","C/C","C/C","C/C","C/T","T/T","T/T","C/C","-/-","T/T","C/T","C/T","C/T","C/T","C/C","C/T","C/C","C/C","T/T","C/C","C/T","T/T","C/T","C/T","C/T","C/C","C/C","C/C","C/C","C/C","C/C","C/C","C/C","C/C","C/C","-/-","C/C","T/T","C/C","C/C","C/T","C/T","C/T","C/C","C/C","C/C","C/C","C/C","C/C","C/T","C/T","C/C","C/T","C/C","T/T","C/T","C/C","C/C","C/C","C/T","C/C","C/C","C/T","C/C","C/C","C/C","C/T","C/C","C/C","C/C","C/T","C/T","T/T","C/T","C/T","T/T","C/T","C/T","T/T","C/C","C/T","C/C","C/C","C/T","C/C","T/T","C/T","C/C","C/T","C/C","C/C","C/T","C/T","C/T","C/C","C/C","C/C","C/T","C/C","C/C","C/C","C/C","C/T","C/C","C/C","C/C","C/T","C/T","C/T","C/C","C/T","C/C","C/C","C/T","C/C","C/T","C/T","C/T","C/C","C/C","C/T","T/T","C/C","C/T","C/C","C/C","C/T","C/T","C/C","T/T","C/T","C/C","C/T","C/C","C/T","C/C","C/T","C/C","C/T","C/C","C/C","T/T","C/C","C/C","C/C","C/C","T/T","-/-","C/C","C/C","C/T","C/T","C/T","C/C","C/T","C/T","T/T","C/C","C/C","T/T","C/C","C/T","C/T","C/T","C/C","C/C","C/C","C/C","C/T","C/C","C/T","C/C","C/T","C/T","C/C","C/T","C/C","C/T","C/C","C/C","C/T","C/C","C/C","C/C","-/-","C/C","C/C","C/C","C/C","C/C","C/C","C/T","C/C","C/T","C/C","C/T","C/T","C/C","C/C","C/T","C/C","C/C","C/C","C/T","C/C","C/T","T/T","C/C","C/T","T/T","C/T","T/T","T/T","-/-","C/T","T/T","C/C","C/T","T/T","C/T","T/T","C/C","C/C","C/T","C/T","C/T","C/C","C/T","C/T","C/T","C/C","C/C","C/C","C/C","C/C","T/T","C/T","C/C","C/C","C/T","C/C","C/T","C/C","C/C","C/C","C/C","T/T","C/T","C/T","C/C","C/T","C/C","C/T","C/C","C/C","C/C","C/T","C/T","C/C","C/C","C/C","T/T","C/C","C/C","C/C","T/T","T/T","C/T","C/C","C/T","C/C","C/C","C/T","C/T","C/C","C/T","C/T","T/T","C/C","C/C","C/T","T/T","C/T","C/C","C/C","C/C","C/C","T/T","C/T","C/T","C/T","C/T","C/C","C/C","T/T","C/T","C/T","C/C","C/C","C/C","C/T","C/T","C/C","C/C","T/T","C/T","C/C","C/C","C/C","C/T","C/C","C/C","C/T","C/C","C/T","C/T","C/T","C/C","C/C","C/T","C/C","C/T","C/C","C/C","C/C","C/C","C/C","C/C","C/C","C/C","C/T","C/T","C/T","T/T","T/T","-/-","C/C","C/T","C/T","T/T","C/C","C/C","C/C","C/C","T/T","C/C","T/T","C/C","C/T","C/C","C/T","C/T","C/T","C/T","C/C","C/T","-/-","C/C","C/T","C/T","C/T","C/C","C/C","C/C","C/C","C/C","C/T","C/C","C/T","C/C","C/T","C/C","C/C","C/T","C/C","T/T","C/T","C/T","C/T","C/C","C/C","C/C","C/T","C/C","C/C","C/C","C/T","C/T","C/C","C/C","C/T","C/C","C/C","C/C","C/C","C/C","C/T","C/C","C/C","-/-","C/T","C/C","C/C","C/C","C/C","C/C","C/C","C/C","C/C","C/T","C/T","C/C","C/T","T/T","C/C","C/T","C/T","C/C","C/C","T/T","T/T","T/T","C/T","-/-","C/T","C/T","C/T","C/C","C/T","C/T","C/T","C/T","C/T","C/T","C/T","C/C","T/T","T/T","C/C","C/C","C/C","C/C","C/C","C/T","C/C","C/C","C/C","T/T","C/C","C/C","C/C","C/C","C/T","C/C","C/T","C/C","C/C","C/C","C/C","C/T","C/T","C/C","C/C","C/C","C/C","C/C","C/C","-/-","C/C","C/C","C/C","C/T","C/C","C/C","C/C","C/C","C/C","C/C","C/C","C/C","C/C","C/T","C/C","C/C","C/C","C/C","C/C","C/C","C/T","C/C","C/C","C/T","-/-","C/C","C/C","C/T","C/T","C/T","C/C","C/C","C/C","C/C","C/C","C/C","C/C","C/T","C/C","C/C","C/C","T/T","C/C","C/C","C/C","C/C","C/C","C/C","-/-","C/T","C/C","C/C","C/C","T/T","C/T","C/T","C/C","C/T","C/T","C/T","C/T","-/-","C/T","T/T","C/T","C/T","C/C","C/T","C/C","C/T","C/C","C/C","C/T","T/T","C/C","C/C","C/T","C/C","C/C","C/T","T/T","C/C","C/C","T/T","C/C","C/C","C/C","C/C","C/C","C/C","C/C","C/C","C/C","C/C","C/C","C/C","C/C","C/T","T/T","T/T","T/T","C/T","C/C","T/T","C/T","C/C","C/T","T/T","C/C","T/T","T/T","C/C","C/C","C/C","C/C","C/C","C/C","T/T","T/T","C/C","C/C","C/C","T/T","C/T","C/C","C/C","C/C","C/C","C/C","T/T","T/T","C/C","C/C","C/C","C/C","C/C","C/C","C/C","C/C","C/C","C/C","C/C","C/C","C/C","C/C","C/C","C/C","C/C","C/C","C/C","-/-","C/C","C/C","-/-","T/T","C/C","C/C","T/T","-/-","T/T"
"855","PZB01113.4","4","146239224","G/G","G/G","G/G","G/G","G/G","G/G","G/G","G/G","G/G","G/G","G/G","G/G","G/G","G/G","G/G","G/G","G/G","G/G","G/G","G/G","G/G","G/G","G/G","G/G","G/G","G/G","G/G","G/G","G/G","G/G","G/G","G/G","G/G","G/G","G/G","G/G","G/G","G/G","G/G","G/G","G/G","G/G","G/G","G/G","G/G","G/G","G/G","G/G","G/G","G/G","G/G","G/G","G/G","G/G","G/G","G/G","G/G","G/G","G/G","G/G","G/G","G/G","G/G","G/G","G/G","G/G","G/G","-/-","G/G","G/G","G/G","G/G","G/G","G/G","G/G","G/G","G/G","G/G","G/G","G/G","G/G","G/G","G/G","G/G","G/G","G/G","G/G","G/G","G/G","G/G","G/G","G/G","G/G","G/G","G/G","G/G","G/G","G/G","G/G","G/G","G/G","G/G","G/G","G/G","G/G","G/G","G/G","G/G","G/G","G/G","G/G","G/G","G/G","G/G","G/G","G/G","G/G","G/G","G/G","G/G","G/G","G/G","G/G","G/G","G/G","G/G","G/G","G/G","G/G","G/G","-/-","G/G","G/G","G/G","G/G","G/G","G/G","G/G","G/G","G/G","G/G","G/G","G/G","G/G","G/G","G/G","G/G","G/G","G/G","G/G","G/G","G/G","G/G","G/G","G/G","G/G","G/G","G/G","G/G","G/G","G/G","G/G","G/G","G/G","G/G","G/G","G/G","G/G","G/G","G/G","G/G","G/G","G/G","G/G","G/G","G/G","G/G","G/G","G/G","G/G","G/G","G/G","G/G","G/G","G/G","G/G","G/G","G/G","G/G","G/G","G/G","G/G","G/G","G/G","G/G","G/G","G/G","G/G","G/G","G/G","-/-","G/G","G/G","G/G","G/G","G/G","G/G","G/G","G/G","G/G","G/G","G/G","G/G","G/G","G/G","G/G","G/G","G/G","G/G","G/G","G/G","G/G","G/G","G/G","G/G","G/G","G/G","G/G","G/G","G/G","G/G","G/G","G/G","G/G","G/G","G/G","G/G","G/G","G/G","G/G","G/G","G/G","G/G","G/G","G/G","G/G","G/G","G/G","G/G","G/G","G/G","G/G","G/G","G/G","G/G","G/G","G/G","G/G","G/G","G/G","G/G","G/G","G/G","G/G","G/G","G/G","G/G","G/G","G/G","G/G","G/G","G/G","G/G","-/-","G/G","G/G","G/G","G/G","G/G","G/G","G/G","G/G","G/G","G/G","G/G","G/G","G/G","G/G","G/G","G/G","G/G","G/G","G/G","G/G","G/G","G/G","G/G","G/G","G/G","G/G","G/G","G/G","G/G","G/G","G/G","G/G","G/G","G/G","G/G","G/G","G/G","G/G","G/G","G/G","G/G","G/G","G/G","G/G","G/G","G/G","G/G","G/G","G/G","A/G","G/G","G/G","A/G","G/G","G/G","G/G","G/G","G/G","G/G","G/G","G/G","G/G","G/G","G/G","G/G","G/G","G/G","G/G","G/G","G/G","G/G","G/G","-/-","G/G","G/G","G/G","G/G","G/G","G/G","G/G","G/G","G/G","G/G","G/G","G/G","G/G","G/G","G/G","G/G","G/G","G/G","G/G","G/G","G/G","G/G","G/G","-/-","G/G","G/G","G/G","G/G","G/G","G/G","G/G","G/G","G/G","G/G","G/G","G/G","G/G","G/G","G/G","G/G","G/G","G/G","G/G","G/G","G/G","G/G","G/G","G/G","-/-","G/G","G/G","G/G","G/G","G/G","G/G","G/G","G/G","G/G","G/G","G/G","G/G","G/G","G/G","G/G","G/G","G/G","G/G","G/G","G/G","G/G","G/G","G/G","G/G","G/G","G/G","G/G","G/G","G/G","G/G","G/G","G/G","G/G","G/G","G/G","G/G","G/G","G/G","G/G","G/G","G/G","G/G","G/G","G/G","G/G","G/G","G/G","G/G","G/G","G/G","G/G","G/G","G/G","G/G","G/G","G/G","G/G","G/G","G/G","G/G","G/G","G/G","G/G","G/G","G/G","G/G","G/G","G/G","G/G","G/G","G/G","G/G","G/G","G/G","G/G","G/G","G/G","G/G","G/G","G/G","G/G","G/G","G/G","-/-","G/G","G/G","G/G","G/G","G/G","G/G","G/G","G/G","-/-","G/G","G/G","G/G","G/G","G/G","G/G","G/G","G/G","G/G","G/G","G/G","G/G","G/G","G/G","G/G","G/G","G/G","G/G","G/G","G/G","G/G","G/G","G/G","G/G","G/G","G/G","G/G","G/G","G/G","G/G","G/G","G/G","G/G","G/G","G/G","G/G","G/G","G/G","G/G","G/G","G/G","G/G","G/G","G/G","G/G","G/G","G/G","-/-","G/G","G/G","G/G","A/G","G/G","G/G","G/G","G/G","G/G","G/G","G/G","G/G","G/G","G/G","G/G","G/G","G/G","G/G","A/G","G/G","G/G","G/G","G/G","G/G","G/G","G/G","G/G","G/G","G/G","G/G","G/G","G/G","G/G","G/G","G/G","G/G","G/G","G/G","G/G","G/G","G/G","G/G","G/G","A/G","G/G","G/G","G/G","G/G","G/G","G/G","G/G","G/G","G/G","G/G","G/G","G/G","G/G","G/G","G/G","G/G","G/G","G/G","G/G","G/G","G/G","G/G","G/G","G/G","G/G","G/G","G/G","G/G","G/G","G/G","G/G","G/G","G/G","G/G","G/G","G/G","G/G","G/G","G/G","G/G","G/G","G/G","G/G","G/G","G/G","G/G","G/G","G/G","G/G","G/G","G/G","G/G","G/G","G/G","G/G","G/G","G/G","G/G","G/G","G/G","G/G","G/G","G/G","G/G","G/G","G/G","G/G","G/G","G/G","G/G","G/G","G/G","G/G","G/G","G/G","G/G","G/G","G/G","G/G","G/G","G/G","G/G","G/G","G/G","G/G","G/G","G/G","G/G","G/G","G/G","G/G","G/G","G/G","G/G","G/G","G/G","G/G","G/G","G/G","G/G","G/G","G/G","G/G","G/G","G/G","G/G","G/G","G/G","G/G","G/G","G/G","G/G","G/G","G/G","G/G","G/G","G/G","G/G","G/G","G/G","G/G","G/G","G/G","G/G","G/G","G/G","G/G","G/G","G/G","G/G","G/G","G/G","G/G","G/G","G/G","G/G","G/G","G/G","G/G","G/G","G/G","G/G","G/G","G/G","G/G","G/G","G/G","G/G","-/-","G/G","G/G","G/G","G/G","G/G","G/G","G/G","G/G","G/G","G/G","G/G","G/G","G/G","G/G","G/G","G/G","G/G","G/G","G/G","G/G","G/G","G/G","G/G","G/G","G/G","G/G","G/G","G/G","G/G","G/G","G/G","G/G","G/G","G/G","G/G","G/G","G/G","G/G","G/G","G/G","-/-","G/G","G/G","G/G","G/G","G/G","G/G","G/G","G/G","G/G","G/G","G/G","G/G","G/G","G/G","G/G","G/G","G/G","G/G","G/G","G/G","G/G","G/G","G/G","G/G","G/G","G/G","G/G","G/G","G/G","G/G","G/G","G/G","G/G","G/G","G/G","G/G","G/G","G/G","G/G","G/G","G/G","G/G","G/G","G/G","G/G","G/G","G/G","G/G","G/G","G/G","G/G","G/G","G/G","G/G","G/G","G/G","G/G","G/G","G/G","G/G","G/G","G/G","G/G","-/-","G/G","G/G","G/G","G/G","G/G","G/G","G/G","G/G","G/G","G/G","G/G","G/G","G/G","G/G","G/G","G/G","G/G","G/G","G/G","G/G","G/G","G/G","-/-","G/G","G/G","G/G","G/G","G/G","G/G","G/G","G/G","G/G","G/G","G/G","G/G","G/G","G/G","G/G","G/G","G/G","G/G","G/G","G/G","G/G","G/G","G/G","G/G","G/G","G/G","G/G","G/G","G/G","G/G","G/G","G/G","G/G","G/G","G/G","G/G","G/G","G/G","G/G","G/G","G/G","G/G","G/G","G/G","G/G","G/G","G/G","G/G","G/G","G/G","G/G","G/G","G/G","G/G","A/G","-/-","G/G","G/G","A/G","A/G","G/G","G/G","G/G","A/A","-/-","A/A","A/G","A/G","G/G","G/G","G/G","G/G","G/G","G/G","G/G","G/G","G/G","G/G","G/G","G/G","G/G","A/A","A/A","A/A","G/G","G/G","G/G","G/G","G/G","G/G","G/G","G/G","G/G","G/G","G/G","G/G","G/G","G/G","G/G","G/G","G/G","G/G","G/G","G/G","G/G","G/G","G/G","A/A","A/A","A/A","G/G","G/G","G/G","G/G","G/G","G/G","G/G"
"604","PZA03013.8","4","139810","T/T","C/C","T/T","C/T","C/T","T/T","C/T","C/T","T/T","C/C","C/C","C/T","T/T","C/T","C/T","C/T","T/T","-/-","-/-","-/-","T/T","T/T","T/T","T/T","T/T","T/T","C/T","T/T","T/T","-/-","C/T","T/T","T/T","T/T","T/T","C/T","C/T","T/T","C/T","C/C","T/T","C/T","C/C","C/T","T/T","-/-","T/T","T/T","T/T","C/C","-/-","C/T","-/-","C/C","C/T","T/T","C/T","-/-","T/T","T/T","T/T","C/C","C/T","T/T","T/T","T/T","-/-","T/T","C/T","T/T","C/C","T/T","C/T","C/T","T/T","T/T","-/-","-/-","T/T","T/T","T/T","C/T","T/T","T/T","-/-","-/-","-/-","C/C","C/T","-/-","C/T","C/T","C/C","C/T","C/T","C/C","C/T","C/C","C/T","C/T","C/T","C/T","-/-","C/C","-/-","C/T","C/C","-/-","T/T","C/T","T/T","C/T","C/T","T/T","C/C","C/T","-/-","C/C","C/T","C/C","T/T","C/T","T/T","T/T","C/T","C/T","T/T","C/T","T/T","-/-","-/-","C/T","-/-","T/T","C/T","C/T","C/C","-/-","-/-","C/T","C/T","C/T","C/C","T/T","C/C","C/C","C/T","-/-","C/T","C/T","C/C","T/T","C/T","C/T","C/C","C/C","-/-","-/-","T/T","T/T","C/C","-/-","C/T","C/C","C/C","C/C","C/C","C/T","C/C","C/T","C/C","C/C","C/T","C/T","C/C","C/T","C/C","C/T","C/T","T/T","C/C","C/T","C/C","C/T","C/T","T/T","C/C","T/T","C/C","C/C","T/T","-/-","C/T","-/-","C/C","C/T","T/T","-/-","C/C","C/C","C/T","C/T","C/T","-/-","-/-","-/-","-/-","-/-","-/-","C/T","C/T","C/T","C/T","C/T","T/T","C/C","C/C","C/C","C/C","C/C","C/T","C/T","T/T","C/T","T/T","-/-","-/-","C/T","C/T","C/T","C/C","C/C","C/C","T/T","C/T","C/C","C/T","C/T","T/T","C/T","C/C","T/T","T/T","C/C","C/T","C/C","C/C","C/C","C/C","C/C","C/T","C/C","C/T","C/C","T/T","C/C","C/C","C/T","C/C","C/C","C/T","C/C","C/C","C/T","C/T","-/-","C/C","C/T","C/C","C/T","C/T","C/C","T/T","C/C","T/T","T/T","C/C","C/C","C/C","C/T","C/C","T/T","C/C","T/T","C/T","C/C","-/-","C/T","C/T","C/T","T/T","C/T","C/T","C/T","T/T","C/T","C/T","T/T","C/T","T/T","C/T","-/-","-/-","C/T","C/T","C/T","T/T","C/T","T/T","C/T","C/T","C/T","C/T","C/T","T/T","C/T","T/T","C/T","C/C","-/-","C/C","C/C","-/-","T/T","C/T","C/T","C/T","C/C","-/-","C/C","C/T","C/T","C/T","C/T","T/T","C/T","C/T","C/C","T/T","C/T","C/T","T/T","T/T","T/T","T/T","C/C","-/-","C/T","C/T","C/T","C/T","C/T","C/T","T/T","C/T","C/T","T/T","C/C","T/T","C/T","-/-","C/T","T/T","T/T","T/T","T/T","C/T","C/T","-/-","T/T","C/T","-/-","-/-","C/T","C/T","-/-","C/C","C/T","C/T","T/T","T/T","C/T","C/T","T/T","C/C","C/T","C/C","T/T","T/T","C/C","T/T","-/-","C/T","C/T","-/-","C/C","C/T","T/T","C/T","T/T","C/T","-/-","-/-","C/T","C/T","C/C","C/T","C/T","C/T","T/T","C/C","C/T","C/T","C/C","C/C","C/C","C/T","T/T","C/C","C/C","T/T","T/T","C/T","C/C","C/T","C/T","C/T","C/T","C/C","-/-","C/T","C/C","C/T","C/T","C/T","C/T","C/T","C/T","C/C","-/-","C/T","T/T","T/T","T/T","T/T","T/T","-/-","T/T","C/C","T/T","C/T","-/-","C/T","-/-","T/T","T/T","T/T","-/-","C/T","C/T","C/T","C/T","T/T","C/T","T/T","C/T","C/T","T/T","C/T","T/T","C/C","-/-","T/T","C/T","T/T","C/T","C/T","T/T","C/T","-/-","T/T","T/T","C/T","-/-","C/T","C/T","-/-","C/T","C/T","T/T","C/T","T/T","C/T","-/-","C/C","T/T","C/C","C/T","C/T","C/T","C/C","C/T","C/T","T/T","T/T","C/T","C/T","C/T","C/T","C/T","C/T","-/-","T/T","T/T","-/-","T/T","C/T","C/T","T/T","T/T","-/-","C/C","-/-","C/T","C/T","C/T","C/T","-/-","T/T","-/-","T/T","T/T","T/T","T/T","-/-","T/T","C/T","C/T","C/T","C/T","-/-","T/T","T/T","C/T","-/-","T/T","T/T","C/T","-/-","T/T","C/T","T/T","C/T","T/T","C/T","C/T","C/C","-/-","C/T","-/-","T/T","C/T","C/T","C/T","C/T","T/T","C/T","C/C","-/-","C/T","C/T","C/T","T/T","-/-","C/T","C/T","T/T","C/T","C/C","C/C","C/C","C/T","C/T","T/T","T/T","C/T","C/T","T/T","T/T","C/C","-/-","T/T","T/T","C/T","T/T","T/T","C/C","C/T","C/C","T/T","C/T","-/-","-/-","-/-","C/T","C/T","T/T","C/C","C/T","-/-","-/-","-/-","T/T","T/T","C/T","C/C","C/C","C/T","C/T","T/T","T/T","C/T","C/T","C/C","T/T","T/T","C/T","-/-","C/T","C/C","C/T","-/-","T/T","C/T","C/T","C/C","T/T","C/T","C/T","-/-","T/T","C/T","C/T","C/C","C/C","C/T","T/T","C/T","C/T","C/T","C/T","C/T","C/C","T/T","T/T","C/T","C/T","C/C","T/T","C/C","C/C","C/T","C/T","C/T","T/T","C/C","C/T","T/T","-/-","-/-","T/T","-/-","-/-","C/C","C/T","T/T","-/-","C/T","T/T","C/C","T/T","-/-","-/-","C/T","C/T","T/T","C/T","T/T","-/-","T/T","C/T","-/-","C/T","C/T","C/T","-/-","C/T","-/-","-/-","T/T","C/C","C/T","C/T","-/-","T/T","T/T","C/T","C/C","T/T","C/C","C/T","C/T","C/T","-/-","C/T","C/T","C/T","T/T","C/T","-/-","C/T","T/T","-/-","C/T","T/T","C/T","C/C","C/T","C/T","T/T","C/T","C/C","-/-","T/T","C/T","C/C","C/T","C/C","C/T","C/T","C/T","C/T","T/T","-/-","C/T","T/T","C/C","-/-","C/T","C/T","T/T","T/T","C/T","-/-","T/T","T/T","C/C","C/T","C/T","-/-","C/T","T/T","C/C","C/T","-/-","T/T","C/T","T/T","T/T","C/T","-/-","C/T","T/T","-/-","C/T","C/C","C/C","C/T","C/C","T/T","C/C","-/-","C/C","T/T","C/T","C/C","C/C","T/T","T/T","C/T","C/T","T/T","C/C","C/T","T/T","T/T","C/C","-/-","C/T","C/T","-/-","-/-","C/T","C/T","-/-","-/-","T/T","T/T","T/T","C/C","C/T","-/-","T/T","T/T","-/-","C/T","T/T","-/-","C/T","T/T","C/T","C/T","C/C","C/C","T/T","C/C","C/T","-/-","C/T","C/T","C/T","T/T","C/T","T/T","C/C","C/C","C/C","C/T","C/C","-/-","-/-","-/-","C/C","C/C","C/C","C/T","C/T","-/-","C/T","C/T","C/T","C/T","C/T","C/T","C/T","C/C","C/T","T/T","T/T","T/T","T/T","C/T","-/-","-/-","-/-","T/T","T/T","T/T","T/T","T/T","T/T","T/T","-/-","T/T","-/-","T/T","C/T","T/T","T/T","T/T","C/T","C/T","C/T","C/T","T/T","T/T","T/T","T/T","T/T","-/-","C/T","-/-","C/T","T/T","T/T","C/C","-/-","-/-","T/T","C/T","C/C","C/C","C/T","C/T","T/T","C/C","T/T","C/T","T/T","T/T","C/C","C/T","C/C","C/C","C/C","C/T","C/T","C/C","-/-","C/C","T/T","C/C","C/T","C/C","T/T","T/T","C/T","T/T","C/T","T/T","T/T","C/C","C/C","C/C","C/C","C/C","C/C","C/C","C/C","C/C","C/C","C/C","C/T","C/T","C/C","C/C","T/T","T/T","T/T","C/C","C/C","C/C","C/C","C/C","C/C","T/T","T/T","T/T","C/C","C/C","C/C","C/C","T/T","T/T","T/T","T/T","T/T","T/T","C/C","C/C","C/C","C/C","T/T","T/T","T/T"
"603","PZA03013.7","4","139753","A/A","A/G","A/A","A/G","A/G","A/G","-/-","A/G","A/A","G/G","A/G","A/G","A/A","A/G","A/G","A/A","A/A","A/A","A/A","A/A","A/A","A/G","A/A","A/A","A/A","A/A","A/G","A/G","-/-","-/-","A/G","A/G","A/A","-/-","A/A","-/-","A/G","A/A","A/G","G/G","A/A","A/G","A/G","A/A","A/A","A/G","A/A","A/A","A/A","G/G","A/A","-/-","A/G","G/G","A/G","A/A","A/G","A/G","A/A","-/-","-/-","A/G","A/A","A/A","A/A","A/A","A/A","A/A","A/G","A/A","G/G","A/A","A/G","A/G","A/A","-/-","A/G","A/G","A/A","A/G","A/A","A/G","A/A","A/A","A/A","A/A","A/G","G/G","A/G","A/A","A/G","A/G","G/G","A/G","A/G","G/G","A/G","G/G","A/G","A/G","A/G","A/G","A/A","G/G","A/A","A/G","G/G","A/G","A/A","A/G","A/A","-/-","A/G","A/A","G/G","A/G","A/A","G/G","A/G","G/G","A/A","A/G","A/A","A/A","A/A","A/G","A/A","A/G","A/A","A/A","A/G","A/G","A/A","A/A","A/G","A/G","G/G","A/G","A/A","A/G","A/G","A/G","G/G","A/A","A/G","A/G","A/G","A/A","A/A","A/G","G/G","A/A","A/G","A/A","G/G","G/G","G/G","A/G","A/G","A/A","G/G","A/A","A/G","G/G","A/G","G/G","G/G","A/G","A/G","A/A","G/G","G/G","A/G","A/G","G/G","A/A","G/G","A/A","A/G","A/A","A/A","A/A","A/G","A/G","A/G","A/A","G/G","A/A","G/G","G/G","A/A","A/A","A/G","A/G","G/G","A/G","A/A","A/A","G/G","G/G","A/G","A/G","A/G","A/A","A/A","A/A","A/A","A/A","-/-","A/G","A/A","A/G","A/A","A/G","A/G","G/G","G/G","G/G","G/G","A/A","A/A","A/G","A/A","A/G","A/A","A/A","A/A","A/G","A/G","A/G","G/G","G/G","G/G","A/A","A/G","G/G","A/G","A/G","A/A","A/G","G/G","A/G","A/A","G/G","A/G","G/G","A/G","G/G","A/G","A/G","A/G","G/G","A/G","G/G","A/A","G/G","G/G","A/G","G/G","G/G","A/G","A/G","G/G","A/G","A/G","G/G","G/G","A/G","G/G","A/G","A/G","G/G","-/-","G/G","A/A","A/A","G/G","G/G","A/G","A/G","G/G","A/A","G/G","A/A","A/A","G/G","A/G","A/G","A/A","A/G","A/G","A/G","A/G","A/G","A/A","A/G","A/G","A/G","A/G","A/A","A/G","A/G","A/A","A/G","A/G","A/G","A/A","-/-","A/G","A/G","A/G","A/G","A/G","A/A","A/A","A/G","A/A","A/A","A/A","A/A","A/A","A/A","A/A","A/A","A/G","A/A","A/G","A/G","A/G","A/G","A/G","A/A","A/G","A/G","A/A","A/A","A/A","A/G","A/A","A/G","A/G","A/A","A/A","A/A","A/A","A/G","A/G","A/G","A/A","A/A","A/G","A/G","A/A","A/A","A/G","A/G","A/A","A/G","A/A","A/G","A/G","A/G","A/A","A/A","A/A","A/A","A/A","A/A","A/A","A/A","-/-","A/A","A/G","A/G","-/-","-/-","A/G","A/G","A/G","A/A","A/A","A/G","-/-","A/A","A/G","A/G","G/G","A/G","A/A","G/G","A/A","-/-","A/G","A/G","-/-","A/A","A/G","A/A","-/-","A/A","A/G","-/-","A/G","A/G","A/A","G/G","A/G","A/G","A/A","A/A","G/G","A/A","A/G","G/G","A/G","A/G","A/G","A/A","G/G","G/G","A/A","A/A","A/A","A/G","A/G","A/A","A/G","A/G","A/G","A/A","A/A","G/G","A/G","A/G","A/G","A/G","A/G","A/G","A/G","A/G","A/G","A/A","A/A","A/A","A/A","A/A","A/G","A/G","A/A","A/A","A/G","A/G","A/A","A/G","A/G","A/G","A/A","A/A","A/G","A/G","A/G","A/G","A/A","A/G","A/A","A/G","A/G","A/A","A/G","-/-","A/G","A/A","A/G","A/G","A/G","A/G","A/A","A/A","A/A","A/G","A/G","A/G","A/A","A/A","A/G","A/A","A/A","A/G","A/G","A/A","A/G","-/-","A/G","A/A","G/G","-/-","G/G","A/A","A/G","A/G","G/G","A/G","A/G","A/A","A/G","A/G","A/G","A/G","A/G","A/G","A/G","A/A","A/A","A/A","A/A","A/A","A/G","A/G","A/A","A/A","A/A","A/G","A/A","A/G","A/G","A/A","A/G","A/A","A/G","A/A","A/A","A/A","A/A","A/A","A/A","A/A","A/G","A/G","A/G","A/G","A/A","A/G","A/G","A/G","A/A","A/A","A/G","A/G","-/-","A/A","A/G","A/A","A/G","A/A","A/G","A/G","A/G","A/A","A/G","A/A","A/A","A/A","A/G","A/G","A/G","A/A","A/G","G/G","A/G","A/G","A/G","A/G","-/-","A/G","A/G","A/G","A/A","A/G","A/G","A/G","A/G","A/G","A/G","A/G","-/-","A/G","A/G","A/A","A/A","G/G","A/A","A/A","A/A","A/G","A/A","A/A","G/G","A/G","G/G","A/A","A/G","A/G","-/-","A/G","A/G","A/G","A/G","G/G","A/G","A/A","A/G","A/G","A/G","-/-","A/G","G/G","G/G","A/G","A/G","-/-","A/A","A/G","A/G","G/G","A/A","A/A","A/G","A/G","A/G","G/G","A/G","A/G","A/G","A/G","A/G","G/G","A/G","A/G","A/G","A/G","-/-","A/G","A/G","G/G","A/G","A/G","A/A","A/A","A/A","A/A","A/G","A/A","G/G","A/A","A/A","A/G","A/A","A/G","A/A","A/G","-/-","A/G","A/G","A/G","A/G","G/G","A/A","A/A","A/A","G/G","A/A","A/G","A/G","G/G","A/G","A/A","A/A","A/A","A/A","A/G","A/A","A/A","A/A","A/G","A/G","A/G","A/A","A/A","A/A","A/A","A/G","A/G","A/G","-/-","A/G","-/-","A/G","-/-","A/G","A/A","G/G","A/A","A/G","A/G","A/A","A/A","A/G","G/G","A/A","G/G","A/G","A/G","A/G","A/G","A/G","A/G","A/G","A/A","A/G","A/A","A/G","-/-","A/A","A/G","A/A","A/G","G/G","-/-","A/G","A/G","A/G","A/G","A/A","A/A","A/G","G/G","A/G","G/G","A/G","A/G","A/G","A/A","A/A","A/A","A/G","A/A","G/G","A/A","A/G","A/G","A/G","A/A","A/G","A/A","A/G","-/-","G/G","A/G","A/G","A/G","A/G","A/A","G/G","A/G","A/A","A/A","A/G","-/-","A/A","A/A","A/G","A/G","A/A","A/A","A/G","G/G","G/G","A/A","G/G","A/A","A/G","A/A","G/G","A/G","-/-","G/G","G/G","A/A","A/A","A/G","A/G","A/A","A/G","A/G","A/A","A/A","G/G","A/A","-/-","A/G","A/A","A/A","A/G","A/G","A/A","A/A","A/A","A/A","A/A","G/G","A/G","A/A","A/A","A/A","A/A","A/G","A/A","A/A","A/G","A/A","A/G","A/G","G/G","G/G","-/-","A/G","A/G","A/G","A/G","A/A","A/A","A/A","A/G","A/A","G/G","G/G","G/G","A/A","A/G","A/G","-/-","A/A","G/G","G/G","G/G","A/G","A/G","A/G","A/A","A/G","A/G","A/G","A/G","A/G","A/G","A/G","A/G","-/-","A/A","A/A","A/A","A/G","A/A","A/A","A/A","A/A","-/-","A/A","-/-","A/A","A/A","-/-","A/A","A/A","A/A","A/A","A/G","A/A","A/A","A/A","A/G","A/G","A/G","A/G","-/-","A/G","A/A","A/G","A/A","A/A","A/G","A/G","A/G","A/A","A/A","G/G","-/-","A/G","A/A","A/G","G/G","G/G","A/G","A/A","A/A","G/G","A/A","A/G","A/A","A/A","G/G","A/G","G/G","G/G","G/G","A/G","A/G","G/G","A/G","G/G","A/A","G/G","A/G","G/G","A/A","A/A","A/G","A/A","G/G","A/A","A/A","G/G","G/G","G/G","G/G","G/G","G/G","-/-","A/A","G/G","G/G","G/G","A/G","A/G","G/G","G/G","A/A","-/-","A/A","G/G","G/G","G/G","G/G","G/G","G/G","A/A","A/G","-/-","A/A","G/G","G/G","G/G","A/A","A/A","A/A","A/A","A/G","A/A","A/A","A/A","G/G","G/G","A/A","A/A","A/A"
"590","PZA02988.2","4","133757006","-/-","A/A","-/-","A/A","A/G","A/G","A/A","A/G","A/G","A/A","A/A","G/G","A/G","A/A","A/A","A/G","A/A","A/A","A/A","A/G","A/G","A/A","A/A","A/A","A/G","A/A","-/-","A/A","A/G","A/G","A/A","A/G","A/A","A/A","A/A","A/A","A/G","A/G","-/-","A/G","-/-","-/-","-/-","A/A","-/-","A/A","A/G","A/A","A/G","A/G","A/A","A/G","A/G","A/A","A/A","-/-","A/A","A/G","A/A","A/A","A/A","A/A","A/A","A/A","A/A","A/A","A/A","A/A","A/G","A/A","A/A","A/G","A/A","A/G","A/G","A/A","A/G","A/A","A/G","A/A","A/G","A/A","A/A","A/A","A/A","A/A","A/G","A/G","A/A","A/A","A/G","A/G","-/-","A/A","A/A","A/A","A/G","A/A","A/G","A/A","A/A","A/G","-/-","A/A","G/G","A/A","A/G","A/A","A/A","A/A","A/G","A/A","A/A","A/A","-/-","A/A","A/A","A/A","A/A","A/G","A/A","A/A","A/G","A/G","A/A","A/A","A/A","A/A","A/A","A/G","A/A","A/A","A/A","A/A","A/G","A/A","A/A","A/A","A/A","A/A","A/G","A/A","A/A","A/A","-/-","G/G","A/G","A/A","A/G","A/A","A/A","A/A","A/A","A/A","A/A","A/A","-/-","-/-","A/A","A/A","A/A","A/A","A/A","A/A","A/A","A/A","A/A","A/G","A/A","A/A","A/A","A/A","A/A","A/A","A/A","A/A","A/A","A/G","A/A","A/A","A/A","A/A","A/A","A/G","A/G","A/G","A/G","A/G","A/G","A/G","A/G","A/A","A/A","A/A","A/A","A/A","A/A","A/A","A/A","A/A","A/A","A/A","A/A","A/A","A/A","A/A","A/A","A/G","A/A","A/A","A/A","A/A","A/A","A/A","A/A","A/A","G/G","A/G","A/A","A/A","A/A","A/A","A/A","A/G","A/A","A/G","A/A","A/A","A/A","A/A","A/G","A/G","A/G","A/A","A/A","A/G","A/A","A/G","G/G","A/G","A/A","A/G","A/A","A/A","A/G","A/A","A/A","A/A","-/-","A/A","A/A","-/-","A/A","G/G","A/G","A/A","A/A","A/A","A/A","A/G","A/G","A/A","A/G","A/A","A/A","A/A","A/A","A/A","A/A","A/A","A/A","A/A","A/A","A/A","A/A","A/G","A/A","A/A","A/A","A/A","A/A","A/A","A/A","A/A","A/A","A/A","A/A","A/A","A/A","A/A","A/A","A/A","A/A","A/A","A/A","A/A","A/A","A/A","A/A","A/A","A/A","A/A","A/A","A/A","A/A","A/A","A/A","A/A","A/A","A/A","A/A","A/A","-/-","A/A","A/A","A/A","-/-","A/A","A/A","A/A","A/A","A/A","-/-","A/A","A/A","A/A","A/A","A/A","A/A","A/A","A/A","A/A","A/A","A/A","A/A","-/-","A/A","A/A","A/A","A/A","A/A","A/A","A/A","A/A","A/A","A/A","A/A","A/A","A/A","A/A","A/A","A/A","A/A","A/A","A/A","A/A","A/A","A/A","A/A","A/A","A/A","-/-","A/A","A/A","-/-","A/A","A/A","A/A","A/A","A/A","A/A","A/A","A/A","-/-","A/A","A/A","A/A","A/A","A/A","A/A","A/A","A/A","A/A","A/A","A/A","A/G","-/-","A/A","A/A","A/A","A/A","A/A","A/A","A/A","-/-","A/A","-/-","A/A","A/A","A/A","A/A","A/A","A/A","A/A","A/A","A/A","-/-","A/A","A/A","A/A","A/A","-/-","A/A","-/-","-/-","-/-","A/G","A/A","A/A","A/A","A/A","-/-","A/A","A/A","A/A","A/A","A/A","A/A","A/A","A/A","A/A","A/A","A/A","A/A","A/A","A/A","-/-","-/-","A/A","A/A","A/A","A/A","A/A","A/A","A/A","A/A","A/A","A/A","A/A","A/A","A/A","A/A","A/A","A/A","A/A","A/A","A/A","A/G","A/A","A/A","A/G","A/A","A/A","A/A","A/A","A/A","A/G","A/A","A/A","A/A","A/A","A/A","A/A","A/A","A/A","A/A","A/A","A/A","A/A","-/-","-/-","A/A","A/A","A/A","A/A","A/A","A/A","A/A","-/-","-/-","A/G","A/A","A/A","A/G","-/-","A/A","A/A","A/A","A/G","A/G","-/-","A/A","-/-","A/A","A/A","A/A","-/-","A/A","A/A","A/G","A/A","A/G","A/A","A/A","A/A","A/A","-/-","A/G","G/G","A/A","A/A","A/G","-/-","A/A","A/A","A/G","-/-","A/G","A/A","A/A","A/A","A/A","A/A","A/G","A/A","A/A","A/A","A/G","A/A","A/G","A/G","A/A","A/G","A/A","A/G","A/A","A/A","A/A","A/G","A/A","A/A","A/A","-/-","A/A","A/A","A/A","A/G","A/A","A/A","A/A","A/G","A/A","A/G","A/A","A/G","A/A","A/G","A/A","A/G","A/A","A/A","A/A","-/-","A/G","A/G","A/A","A/A","-/-","A/G","A/G","A/A","A/A","G/G","A/G","A/G","A/A","A/G","A/G","A/A","G/G","A/A","-/-","A/A","A/A","A/A","A/A","A/G","A/A","A/A","A/A","A/A","A/A","A/A","A/A","A/A","A/A","G/G","A/A","A/A","A/A","A/A","A/A","A/A","A/A","A/G","A/A","A/A","A/A","A/A","A/A","G/G","A/A","-/-","A/A","A/A","A/A","A/A","A/A","A/A","-/-","-/-","A/A","A/G","A/A","A/A","A/A","A/A","A/A","A/A","A/A","-/-","A/A","A/A","A/A","A/A","A/A","A/G","A/A","A/A","A/G","A/A","A/A","A/A","A/A","A/A","-/-","A/A","A/A","A/A","A/A","A/A","A/A","A/A","A/A","A/G","A/A","A/G","A/A","A/A","A/A","A/G","A/A","A/G","-/-","A/G","-/-","-/-","A/A","A/A","A/G","A/A","A/A","A/A","A/G","A/A","A/A","A/A","A/A","A/A","A/A","A/A","-/-","A/G","A/A","A/A","A/A","A/A","A/A","A/A","A/A","A/A","A/A","A/A","A/G","A/A","A/G","A/A","G/G","A/A","A/A","A/A","A/G","A/A","A/G","A/A","A/A","-/-","A/A","A/A","A/A","A/G","A/G","A/A","A/A","A/G","A/A","-/-","A/A","A/A","A/G","A/A","A/A","A/G","A/A","A/A","A/G","-/-","A/A","-/-","A/G","A/A","A/A","A/A","A/A","A/A","A/A","A/A","A/G","A/A","A/A","A/G","A/G","A/G","A/G","A/G","G/G","A/A","A/A","A/A","A/A","A/G","A/G","A/A","-/-","A/G","A/A","A/A","A/A","A/A","A/G","-/-","A/A","A/A","A/A","A/G","A/G","A/A","A/A","A/A","A/A","A/A","A/A","G/G","-/-","A/A","A/A","A/G","A/A","A/A","A/A","A/A","A/A","A/A","A/A","A/A","A/A","A/A","A/A","A/A","A/A","-/-","A/A","A/A","A/G","A/G","A/A","A/A","A/A","A/A","A/A","A/A","A/A","A/A","A/A","A/A","A/A","A/A","A/A","A/A","A/A","A/A","A/A","A/A","A/A","A/G","A/A","A/A","-/-","A/A","A/A","A/A","A/A","A/G","A/A","A/A","A/A","A/A","A/G","A/G","A/A","A/A","A/G","A/A","A/A","A/G","A/A","A/A","A/A","A/G","A/A","A/A","A/A","-/-","A/A","-/-","A/A","A/A","-/-","A/A","A/A","A/G","A/A","A/G","A/G","A/G","A/A","A/A","A/A","A/A","A/G","A/A","A/A","A/A","A/A","A/A","A/A","A/A","A/A","A/A","A/A","A/A","A/A","A/A","A/G","A/A","A/A","A/A","A/A","A/A","A/A","A/A","A/A","A/A","A/A","A/G","A/A","A/A","A/A","A/A","-/-","A/G","A/G","A/A","A/A","A/G","A/A","A/A","A/A","G/G","A/A","A/G","A/A","A/G","G/G","-/-","A/G","A/G","A/A","A/A","G/G","G/G","G/G","G/G","G/G","A/A","A/G","A/A","A/A","A/G","A/A","A/G","A/G","A/G","A/G","A/A","A/A","A/A","A/A","A/A","G/G","G/G","G/G","A/A","A/A","A/G","A/G","A/A","A/A","A/A","A/A","A/A","A/G","A/G","A/G","A/G","A/A","A/A","A/A","A/A","G/G","G/G","G/G","-/-","A/G","A/G","G/G","G/G","G/G","A/A","A/A","G/G","G/G","A/A","A/A","A/A"
"937","PZD00067.1","4","132735656","G/G","G/G","G/G","G/G","G/G","G/G","A/G","G/G","G/G","G/G","A/A","G/G","G/G","G/G","A/G","A/G","G/G","A/G","-/-","A/G","A/G","G/G","A/G","G/G","-/-","G/G","G/G","G/G","G/G","G/G","G/G","G/G","G/G","G/G","G/G","-/-","G/G","G/G","G/G","A/G","G/G","G/G","A/A","G/G","G/G","A/G","G/G","G/G","G/G","A/G","G/G","A/G","A/G","G/G","G/G","G/G","-/-","G/G","G/G","G/G","G/G","G/G","A/G","G/G","A/G","A/G","G/G","G/G","G/G","A/G","G/G","G/G","A/A","-/-","G/G","G/G","G/G","G/G","G/G","G/G","G/G","-/-","G/G","-/-","G/G","G/G","G/G","A/G","-/-","G/G","A/A","-/-","A/G","G/G","G/G","G/G","-/-","G/G","G/G","A/G","G/G","A/G","A/A","-/-","A/A","G/G","-/-","G/G","A/G","G/G","A/G","-/-","G/G","G/G","G/G","G/G","G/G","G/G","G/G","G/G","G/G","G/G","G/G","G/G","G/G","G/G","G/G","G/G","G/G","G/G","G/G","G/G","G/G","G/G","G/G","G/G","G/G","G/G","G/G","G/G","G/G","G/G","G/G","G/G","G/G","G/G","G/G","G/G","G/G","G/G","G/G","G/G","A/A","G/G","G/G","A/G","-/-","G/G","G/G","G/G","G/G","A/G","G/G","G/G","G/G","A/G","A/G","G/G","G/G","A/G","G/G","A/G","G/G","A/A","G/G","A/G","-/-","G/G","G/G","A/G","A/A","G/G","A/G","A/A","A/G","A/A","A/G","G/G","G/G","G/G","G/G","G/G","G/G","G/G","-/-","G/G","G/G","G/G","G/G","G/G","-/-","G/G","G/G","G/G","G/G","G/G","G/G","G/G","G/G","G/G","G/G","G/G","G/G","G/G","G/G","G/G","G/G","G/G","G/G","G/G","G/G","G/G","G/G","G/G","G/G","G/G","G/G","G/G","G/G","G/G","G/G","-/-","A/G","G/G","G/G","-/-","-/-","G/G","A/A","G/G","G/G","A/G","G/G","G/G","-/-","G/G","G/G","G/G","G/G","G/G","G/G","-/-","G/G","G/G","G/G","G/G","G/G","G/G","-/-","A/G","G/G","G/G","G/G","G/G","G/G","G/G","G/G","G/G","G/G","G/G","G/G","G/G","G/G","-/-","-/-","G/G","G/G","G/G","G/G","G/G","G/G","G/G","G/G","G/G","G/G","G/G","G/G","G/G","G/G","G/G","G/G","G/G","G/G","-/-","G/G","G/G","-/-","G/G","G/G","G/G","G/G","G/G","-/-","G/G","G/G","A/G","G/G","G/G","G/G","G/G","-/-","G/G","G/G","A/A","G/G","G/G","A/G","G/G","G/G","-/-","G/G","G/G","G/G","G/G","A/G","A/G","G/G","G/G","G/G","A/G","G/G","G/G","G/G","G/G","G/G","G/G","G/G","G/G","G/G","G/G","G/G","G/G","G/G","G/G","G/G","G/G","-/-","G/G","G/G","G/G","G/G","G/G","G/G","G/G","G/G","G/G","-/-","G/G","G/G","G/G","G/G","-/-","G/G","G/G","G/G","G/G","G/G","G/G","G/G","G/G","G/G","G/G","G/G","G/G","G/G","G/G","G/G","G/G","G/G","G/G","G/G","G/G","-/-","-/-","G/G","G/G","G/G","G/G","G/G","G/G","G/G","G/G","G/G","G/G","G/G","G/G","G/G","G/G","-/-","G/G","G/G","G/G","G/G","-/-","G/G","G/G","G/G","G/G","G/G","G/G","G/G","G/G","A/G","-/-","G/G","G/G","G/G","G/G","G/G","G/G","G/G","G/G","G/G","-/-","G/G","G/G","G/G","G/G","G/G","G/G","G/G","G/G","G/G","G/G","G/G","-/-","G/G","G/G","G/G","G/G","G/G","G/G","G/G","G/G","G/G","G/G","G/G","G/G","G/G","G/G","G/G","G/G","G/G","G/G","G/G","G/G","G/G","G/G","G/G","G/G","G/G","A/G","G/G","G/G","G/G","G/G","-/-","G/G","-/-","G/G","A/A","G/G","G/G","G/G","G/G","G/G","G/G","G/G","G/G","G/G","G/G","-/-","G/G","G/G","G/G","G/G","G/G","G/G","G/G","G/G","G/G","G/G","G/G","G/G","G/G","G/G","G/G","G/G","G/G","G/G","-/-","G/G","G/G","G/G","G/G","G/G","-/-","G/G","-/-","G/G","G/G","A/G","G/G","G/G","G/G","G/G","A/G","G/G","G/G","G/G","G/G","G/G","G/G","G/G","G/G","G/G","G/G","G/G","G/G","G/G","G/G","G/G","G/G","-/-","G/G","G/G","G/G","G/G","G/G","G/G","G/G","G/G","G/G","-/-","G/G","G/G","G/G","G/G","G/G","G/G","G/G","G/G","G/G","G/G","G/G","G/G","G/G","G/G","G/G","G/G","G/G","-/-","G/G","G/G","G/G","-/-","G/G","G/G","G/G","G/G","G/G","G/G","G/G","G/G","G/G","G/G","-/-","G/G","G/G","G/G","G/G","G/G","G/G","G/G","G/G","G/G","G/G","G/G","G/G","G/G","G/G","G/G","G/G","G/G","G/G","G/G","A/G","G/G","G/G","G/G","G/G","G/G","G/G","G/G","G/G","G/G","G/G","G/G","G/G","G/G","G/G","G/G","G/G","G/G","G/G","G/G","G/G","G/G","G/G","G/G","G/G","G/G","G/G","G/G","G/G","G/G","-/-","G/G","G/G","G/G","G/G","G/G","G/G","G/G","G/G","G/G","G/G","G/G","G/G","-/-","G/G","G/G","G/G","G/G","G/G","-/-","G/G","G/G","G/G","G/G","G/G","G/G","G/G","G/G","G/G","G/G","G/G","G/G","G/G","G/G","G/G","G/G","G/G","G/G","G/G","G/G","G/G","G/G","G/G","G/G","G/G","G/G","G/G","G/G","G/G","A/G","G/G","G/G","G/G","G/G","G/G","G/G","G/G","G/G","G/G","G/G","G/G","G/G","G/G","G/G","-/-","G/G","-/-","-/-","G/G","G/G","G/G","G/G","G/G","G/G","G/G","G/G","A/G","G/G","G/G","G/G","G/G","G/G","G/G","G/G","G/G","G/G","G/G","G/G","G/G","G/G","G/G","G/G","G/G","G/G","A/G","G/G","G/G","G/G","G/G","G/G","G/G","G/G","G/G","G/G","G/G","G/G","G/G","G/G","G/G","-/-","G/G","G/G","A/G","A/G","G/G","G/G","-/-","G/G","G/G","G/G","G/G","A/A","-/-","G/G","G/G","G/G","G/G","G/G","G/G","A/G","G/G","A/G","G/G","G/G","G/G","A/A","G/G","G/G","G/G","G/G","G/G","G/G","G/G","-/-","-/-","A/G","A/G","A/G","A/G","G/G","G/G","A/G","G/G","G/G","G/G","-/-","G/G","G/G","G/G","G/G","G/G","G/G","G/G","G/G","G/G","G/G","G/G","G/G","G/G","G/G","G/G","G/G","G/G","G/G","G/G","A/G","G/G","G/G","G/G","G/G","A/G","A/G","G/G","G/G","G/G","G/G","G/G","G/G","A/G","G/G","G/G","G/G","A/G","G/G","G/G","G/G","G/G","G/G","G/G","A/G","G/G","G/G","G/G","G/G","G/G","-/-","G/G","G/G","G/G","G/G","G/G","G/G","G/G","G/G","G/G","G/G","G/G","G/G","G/G","G/G","G/G","G/G","G/G","G/G","G/G","G/G","G/G","G/G","G/G","G/G","G/G","-/-","G/G","G/G","G/G","G/G","G/G","G/G","G/G","G/G","G/G","G/G","G/G","G/G","G/G","G/G","G/G","G/G","G/G","G/G","G/G","-/-","G/G","G/G","G/G","A/G","G/G","A/A","-/-","G/G","G/G","G/G","G/G","G/G","-/-","G/G","A/G","-/-","G/G","G/G","A/G","G/G","G/G","G/G","G/G","G/G","G/G","G/G","G/G","G/G","G/G","G/G","G/G","G/G","G/G","G/G","G/G","G/G","G/G","G/G","G/G","G/G","G/G","G/G","G/G","G/G","G/G","G/G","G/G","G/G","G/G","G/G","G/G","G/G","G/G","G/G","G/G","G/G","G/G","G/G","G/G","G/G","G/G","-/-","G/G","G/G","G/G","G/G","G/G","G/G","G/G","G/G","G/G","G/G","G/G","G/G","G/G","G/G","G/G","G/G","G/G","G/G","G/G","G/G","G/G","G/G","A/A","A/A","A/A","G/G","G/G","G/G","G/G","G/G","G/G","G/G","-/-","A/A","A/A"
"939","PZD00067.3","4","132735518","A/A","A/G","G/G","A/G","A/G","A/A","A/G","A/A","A/G","A/G","G/G","G/G","A/A","G/G","G/G","A/G","G/G","G/G","A/A","G/G","G/G","G/G","G/G","G/G","A/A","A/A","A/A","A/G","G/G","A/A","G/G","A/A","A/G","G/G","A/G","G/G","A/A","-/-","A/A","G/G","A/A","G/G","G/G","A/G","A/A","A/G","A/G","A/G","A/G","A/G","G/G","G/G","A/G","G/G","A/G","A/G","A/G","G/G","A/G","A/G","A/A","A/G","G/G","G/G","A/G","A/G","A/G","A/G","G/G","A/G","G/G","A/A","G/G","A/G","A/G","A/G","A/G","A/G","A/A","A/G","G/G","A/G","-/-","A/G","-/-","A/G","A/G","A/G","A/G","A/G","G/G","G/G","G/G","A/G","G/G","A/G","G/G","A/G","A/G","G/G","A/G","A/G","G/G","A/G","G/G","A/A","A/G","A/A","G/G","A/G","G/G","A/G","A/A","A/G","A/G","A/G","A/G","G/G","G/G","G/G","G/G","A/G","A/G","G/G","G/G","A/G","A/G","G/G","A/A","G/G","A/A","G/G","G/G","A/A","G/G","G/G","A/G","A/G","G/G","G/G","G/G","G/G","A/G","A/A","A/A","A/A","A/A","A/G","-/-","A/G","A/G","G/G","G/G","A/A","A/A","A/G","A/G","G/G","G/G","A/G","A/G","G/G","G/G","A/A","G/G","G/G","A/G","G/G","A/A","A/G","A/A","A/G","A/G","G/G","G/G","G/G","A/A","G/G","-/-","G/G","G/G","A/G","G/G","G/G","G/G","G/G","G/G","G/G","A/G","A/A","G/G","A/A","A/A","A/A","G/G","A/G","A/A","A/A","A/A","A/A","A/G","A/A","A/A","A/G","A/A","A/A","A/G","A/G","A/A","A/A","A/G","G/G","A/G","A/A","A/G","G/G","A/A","A/G","A/A","A/G","A/A","A/G","A/A","A/A","A/G","A/G","A/A","A/A","A/A","A/A","A/G","A/G","A/G","A/A","A/A","-/-","A/A","-/-","G/G","A/G","A/G","A/G","-/-","A/G","A/G","A/A","A/A","A/G","A/G","A/A","-/-","A/A","A/A","A/A","A/A","A/G","A/G","A/G","A/A","G/G","A/A","A/G","A/G","A/G","A/A","G/G","A/G","G/G","G/G","A/G","A/A","A/G","A/G","A/A","A/G","G/G","A/A","A/A","A/A","A/G","A/A","A/G","A/A","G/G","G/G","A/A","A/A","A/A","A/A","A/A","A/A","A/G","A/A","-/-","A/A","G/G","A/G","A/G","A/A","A/A","-/-","-/-","A/A","A/G","A/G","A/G","G/G","A/G","A/A","A/A","A/G","-/-","A/A","G/G","A/A","A/G","A/G","A/G","A/A","A/G","A/G","G/G","A/G","A/A","G/G","G/G","G/G","A/A","A/A","-/-","A/G","A/G","A/G","G/G","A/G","A/G","G/G","G/G","G/G","A/A","G/G","G/G","A/G","A/G","A/G","A/A","G/G","G/G","G/G","-/-","A/A","A/G","G/G","A/A","A/G","G/G","A/G","-/-","A/A","G/G","A/G","A/G","A/A","A/A","A/A","A/A","A/A","A/A","A/G","-/-","A/G","A/A","A/G","A/A","A/A","A/A","A/G","A/A","G/G","A/G","A/G","G/G","G/G","A/A","A/A","A/A","G/G","A/G","A/G","A/G","-/-","A/A","A/A","A/A","A/A","A/A","A/G","A/G","-/-","A/G","A/A","G/G","G/G","G/G","A/A","G/G","A/G","A/A","A/A","A/A","G/G","A/G","A/G","G/G","A/A","A/A","A/G","G/G","A/G","A/G","A/G","A/G","G/G","G/G","G/G","G/G","A/G","-/-","G/G","G/G","A/G","A/G","A/G","A/A","G/G","A/G","A/G","A/G","G/G","A/G","A/G","A/A","G/G","A/G","A/G","A/A","A/G","A/G","A/G","A/G","A/G","A/G","A/G","A/A","A/A","G/G","G/G","G/G","G/G","A/G","A/A","G/G","A/G","A/G","G/G","A/A","A/G","A/A","A/G","A/G","G/G","A/A","A/G","A/A","A/A","G/G","A/A","A/A","A/G","A/A","G/G","-/-","A/A","A/G","A/G","A/A","G/G","G/G","A/A","A/G","-/-","G/G","A/G","A/A","A/A","A/G","G/G","G/G","A/G","A/A","A/A","A/G","A/G","A/A","A/G","G/G","A/G","A/G","A/G","A/G","A/A","A/G","A/A","A/G","A/A","A/G","A/G","A/G","A/G","G/G","A/A","G/G","A/G","A/G","A/A","G/G","G/G","A/G","A/G","G/G","A/A","G/G","A/G","A/G","A/G","A/G","G/G","A/A","G/G","G/G","A/G","A/G","A/G","A/G","A/A","A/A","A/G","G/G","A/G","A/A","A/G","A/G","A/G","G/G","A/G","A/G","-/-","A/G","G/G","G/G","A/G","A/G","G/G","A/A","A/G","A/G","G/G","-/-","G/G","-/-","A/G","A/G","-/-","G/G","A/G","A/A","G/G","-/-","G/G","G/G","A/A","A/A","G/G","G/G","A/G","-/-","A/A","A/G","-/-","A/G","A/A","A/A","A/G","G/G","A/G","A/A","G/G","A/A","A/A","A/A","-/-","A/A","A/A","G/G","A/A","A/A","A/G","A/A","A/A","A/A","A/A","A/A","-/-","A/A","A/G","A/A","A/G","A/G","A/G","A/A","G/G","A/G","A/G","A/A","A/A","A/A","A/G","G/G","A/A","-/-","A/G","G/G","G/G","A/G","-/-","A/A","A/A","A/G","A/G","-/-","A/G","A/G","A/A","A/G","G/G","A/G","A/A","A/A","A/G","A/G","A/A","A/G","G/G","G/G","-/-","A/G","A/G","A/A","A/G","A/A","A/A","-/-","A/G","A/A","A/A","A/A","A/A","A/A","A/A","A/A","G/G","A/G","A/G","G/G","A/A","A/G","-/-","A/A","A/A","A/G","A/A","A/A","A/G","A/A","A/A","A/A","A/A","A/A","A/A","A/G","G/G","A/G","G/G","G/G","-/-","A/G","A/A","A/A","A/G","A/A","A/G","A/G","A/G","A/G","A/A","G/G","G/G","A/A","A/A","-/-","A/G","A/G","A/G","A/G","G/G","G/G","A/G","A/G","G/G","A/G","G/G","A/A","A/A","A/G","A/G","A/G","A/A","G/G","A/G","A/G","A/G","A/G","A/A","A/A","A/G","-/-","A/A","G/G","A/G","A/G","A/A","A/A","A/A","A/G","A/A","A/A","A/G","G/G","A/A","A/A","A/G","A/A","A/A","G/G","-/-","G/G","A/G","G/G","A/G","A/A","G/G","G/G","G/G","A/A","G/G","G/G","A/G","-/-","G/G","A/G","A/A","A/G","A/G","G/G","G/G","G/G","A/A","G/G","G/G","A/A","-/-","G/G","A/A","A/G","G/G","A/A","A/G","A/A","A/G","A/G","A/A","G/G","A/A","A/G","A/A","A/A","A/A","A/G","G/G","G/G","A/A","G/G","A/A","A/A","A/A","G/G","G/G","G/G","A/A","A/A","A/G","A/A","A/G","A/A","A/G","G/G","A/A","A/A","-/-","-/-","A/G","G/G","G/G","G/G","-/-","-/-","A/A","A/G","-/-","A/A","-/-","A/A","A/G","A/A","A/G","A/G","A/G","G/G","A/G","-/-","A/G","A/A","A/G","A/A","A/G","A/A","A/G","A/G","A/G","A/G","A/A","A/G","A/G","A/G","A/A","A/A","A/A","-/-","A/A","A/G","G/G","A/G","G/G","-/-","A/A","G/G","A/A","A/G","A/G","A/G","A/A","A/A","A/A","G/G","A/G","A/G","G/G","G/G","G/G","A/A","A/G","A/G","G/G","G/G","G/G","G/G","A/A","G/G","-/-","A/G","G/G","A/A","A/G","A/G","G/G","A/G","A/G","G/G","A/G","G/G","A/G","G/G","G/G","G/G","A/G","G/G","G/G","G/G","A/A","G/G","A/G","A/G","A/G","A/A","A/A","A/G","A/G","G/G","G/G","A/A","A/A","A/A","A/A","A/A","G/G","A/G","G/G","G/G","A/G","G/G","A/G","A/G","A/G","A/G","G/G","G/G","G/G","G/G","G/G","A/A","A/A","A/A","A/A","A/A","A/A","-/-","-/-","G/G","G/G","A/A","A/A","G/G","G/G","G/G","G/G","A/A","A/A","A/A","G/G","A/A","A/A","A/A","G/G","G/G","G/G","A/A","A/A","A/A","G/G","G/G","G/G","G/G","G/G","G/G","G/G"
"12","Fea2.1","4","132735271","G/G","C/G","C/C","-/-","C/G","G/G","C/G","C/G","C/G","C/G","C/C","C/C","G/G","C/C","C/C","C/G","C/C","C/C","G/G","C/C","C/C","C/C","C/C","C/C","G/G","G/G","G/G","C/G","C/C","G/G","C/C","-/-","C/G","C/G","C/G","C/C","G/G","C/G","G/G","C/C","G/G","-/-","C/C","-/-","G/G","C/G","C/G","-/-","C/G","C/G","C/C","-/-","C/G","C/C","C/C","C/G","C/G","C/C","C/G","C/G","G/G","-/-","C/C","C/C","C/G","C/G","C/G","C/G","C/C","C/G","C/C","G/G","C/C","C/G","C/G","C/G","-/-","-/-","G/G","C/G","C/C","C/G","G/G","C/G","C/G","-/-","C/G","C/G","-/-","C/G","C/C","C/C","C/C","C/G","C/C","C/G","C/C","C/G","-/-","C/C","C/G","C/G","C/C","-/-","C/C","G/G","C/C","G/G","-/-","C/G","-/-","-/-","G/G","C/G","C/G","-/-","C/G","C/C","C/C","C/C","C/C","C/G","C/G","C/C","C/C","C/G","C/G","C/C","G/G","C/C","-/-","C/C","C/C","G/G","C/C","C/C","C/G","-/-","C/C","C/C","C/C","C/C","C/G","-/-","C/G","C/C","C/G","C/C","C/G","C/G","C/G","C/C","C/C","G/G","-/-","C/C","C/C","C/C","C/C","C/G","C/C","C/C","C/C","G/G","C/C","C/C","C/G","C/C","C/C","C/C","C/G","C/G","C/G","C/C","C/C","C/C","G/G","C/C","C/C","C/C","C/C","C/G","C/C","C/C","C/C","C/C","C/C","C/C","C/C","C/G","C/C","G/G","G/G","G/G","C/C","C/G","G/G","-/-","G/G","G/G","C/G","G/G","G/G","C/G","G/G","G/G","-/-","-/-","G/G","G/G","C/G","C/C","C/G","G/G","C/G","C/C","G/G","C/G","G/G","C/G","G/G","C/G","G/G","G/G","C/G","-/-","G/G","G/G","G/G","G/G","C/G","C/G","C/G","G/G","G/G","C/G","-/-","C/G","C/C","C/G","C/G","-/-","G/G","C/G","C/G","G/G","G/G","C/G","C/G","G/G","-/-","-/-","G/G","C/G","G/G","C/G","C/G","C/G","G/G","C/C","C/G","C/G","-/-","C/G","G/G","C/C","C/G","C/C","C/C","C/G","G/G","C/G","C/G","G/G","C/G","C/C","G/G","G/G","G/G","C/G","G/G","-/-","G/G","C/C","C/C","G/G","G/G","G/G","G/G","-/-","G/G","C/G","G/G","C/C","-/-","C/C","C/G","C/G","C/G","G/G","C/C","-/-","C/G","C/C","-/-","-/-","C/C","C/C","C/G","C/G","C/G","G/G","G/G","C/C","G/G","C/G","C/G","C/G","G/G","C/G","C/G","C/C","C/G","G/G","C/C","-/-","C/C","G/G","G/G","C/C","C/G","C/G","C/C","C/C","C/G","C/G","C/C","C/C","C/C","G/G","C/C","C/C","C/G","C/G","C/G","C/G","C/C","C/C","C/C","C/G","-/-","C/G","C/C","G/G","C/G","C/C","-/-","G/G","G/G","C/C","C/G","C/G","-/-","-/-","G/G","G/G","G/G","G/G","C/G","G/G","-/-","G/G","C/G","-/-","G/G","G/G","G/G","G/G","C/C","C/G","C/G","C/C","C/G","G/G","G/G","G/G","C/C","C/G","-/-","C/G","G/G","G/G","G/G","G/G","G/G","-/-","C/G","C/G","C/G","C/G","C/G","C/C","C/C","C/C","G/G","C/C","C/G","G/G","G/G","G/G","C/C","C/G","C/G","C/C","G/G","G/G","C/G","C/C","C/G","C/G","C/G","C/G","C/C","C/C","C/C","-/-","C/G","C/G","C/C","C/C","C/G","C/G","C/G","G/G","C/C","C/G","C/G","C/G","C/C","C/G","C/G","G/G","C/C","C/G","C/G","G/G","C/G","C/G","C/G","-/-","-/-","C/G","C/G","G/G","G/G","C/C","C/C","C/C","C/C","C/G","C/G","C/C","C/G","C/G","C/C","G/G","-/-","G/G","C/G","C/G","C/C","-/-","C/G","G/G","G/G","C/C","G/G","G/G","-/-","G/G","C/C","-/-","G/G","C/G","C/G","G/G","C/C","C/C","G/G","C/G","C/G","C/C","C/G","G/G","G/G","C/G","-/-","C/C","C/G","G/G","G/G","C/G","C/G","G/G","C/G","-/-","C/G","C/G","C/G","-/-","G/G","C/G","G/G","C/G","G/G","C/G","C/G","C/G","C/G","C/C","G/G","C/C","C/G","C/G","G/G","C/C","C/C","C/G","-/-","C/C","G/G","C/C","C/G","C/G","-/-","C/G","C/C","G/G","C/C","C/C","C/G","C/G","-/-","-/-","G/G","G/G","C/G","-/-","C/C","G/G","C/G","C/G","C/G","C/C","-/-","-/-","C/G","C/G","C/C","C/C","C/G","C/G","C/C","G/G","C/G","-/-","C/C","C/G","C/C","C/G","C/G","C/G","C/G","C/C","-/-","G/G","C/C","C/G","C/C","C/C","G/G","G/G","C/C","C/C","C/G","C/G","G/G","C/G","C/C","C/G","G/G","G/G","C/G","C/C","C/G","-/-","C/C","G/G","G/G","G/G","G/G","-/-","G/G","C/C","G/G","G/G","C/G","G/G","G/G","G/G","G/G","G/G","-/-","G/G","C/G","G/G","C/G","C/G","C/G","G/G","C/C","C/G","C/G","G/G","G/G","G/G","-/-","C/C","G/G","C/G","C/G","-/-","C/C","C/G","C/G","G/G","G/G","C/G","C/G","C/G","-/-","C/G","G/G","C/G","C/C","C/G","G/G","G/G","C/G","C/G","G/G","C/G","-/-","C/G","G/G","-/-","C/G","G/G","C/G","G/G","G/G","C/G","-/-","G/G","G/G","G/G","C/G","G/G","-/-","G/G","C/C","C/G","-/-","C/C","G/G","C/G","C/G","G/G","G/G","C/C","G/G","G/G","C/G","G/G","G/G","G/G","-/-","G/G","G/G","C/G","C/G","C/G","-/-","C/C","G/G","-/-","G/G","G/G","C/G","G/G","-/-","C/G","-/-","C/G","G/G","C/C","C/C","G/G","G/G","G/G","C/G","C/G","C/G","C/G","C/C","C/C","C/G","C/G","C/C","-/-","C/C","G/G","G/G","C/G","-/-","C/G","G/G","C/C","C/G","-/-","C/G","C/G","G/G","G/G","C/G","C/G","G/G","C/C","C/G","C/G","G/G","G/G","G/G","C/G","G/G","G/G","C/G","C/C","G/G","-/-","C/G","G/G","G/G","C/C","C/G","C/C","C/G","C/C","-/-","G/G","C/C","C/C","C/C","G/G","C/C","C/C","-/-","-/-","C/C","C/G","G/G","C/G","C/G","C/C","C/C","C/C","G/G","C/C","C/C","G/G","C/G","C/C","G/G","C/G","C/C","G/G","C/G","G/G","C/G","C/G","G/G","C/C","G/G","C/G","G/G","G/G","G/G","-/-","C/C","C/C","G/G","C/C","G/G","C/C","G/G","C/C","C/C","-/-","G/G","G/G","-/-","G/G","C/G","C/G","C/G","C/C","G/G","G/G","-/-","C/G","-/-","C/C","C/C","C/C","C/G","C/G","G/G","C/G","G/G","G/G","-/-","-/-","-/-","G/G","-/-","C/G","C/G","C/C","C/G","C/G","-/-","G/G","C/G","G/G","C/G","G/G","C/G","C/G","C/G","C/G","-/-","C/G","-/-","C/G","G/G","G/G","-/-","-/-","G/G","C/G","C/C","C/G","C/C","C/G","G/G","C/C","G/G","C/G","C/G","C/G","G/G","G/G","G/G","C/C","C/G","C/G","C/C","C/C","C/C","G/G","-/-","-/-","C/C","C/C","C/C","C/C","G/G","C/C","C/C","C/G","C/C","G/G","C/G","-/-","C/C","C/G","C/G","-/-","-/-","C/G","C/C","C/C","C/C","C/C","C/C","C/C","C/C","C/C","C/C","C/C","C/G","C/G","C/C","C/C","C/C","C/C","C/C","C/C","C/C","C/C","C/C","C/C","C/C","C/C","C/C","C/C","C/C","C/C","C/C","C/C","C/C","C/C","C/C","C/C","C/C","C/C","C/C","C/C","C/C","C/C","C/C","C/C","G/G","G/G","C/G","C/G","-/-","C/C","C/C","G/G","G/G","C/C","C/C","C/C","C/C","G/G","G/G","G/G","C/C","-/-","C/C","C/C","C/C","C/C","C/C","C/C","C/C","C/C","-/-","C/C","C/C","C/C","C/C","C/C","C/C"
"938","PZD00067.2","4","132735191","G/G","A/G","A/A","A/G","A/G","G/G","A/G","-/-","A/G","A/G","A/A","A/A","G/G","A/A","A/A","A/G","A/A","A/A","G/G","-/-","A/A","-/-","A/A","A/A","G/G","G/G","G/G","A/G","A/A","G/G","A/A","G/G","A/G","A/A","A/G","A/A","G/G","A/G","G/G","A/A","G/G","A/A","A/A","A/G","G/G","A/G","A/G","A/G","A/G","A/G","A/A","A/A","A/G","A/A","A/G","A/G","A/G","A/A","A/G","A/G","G/G","A/G","A/A","-/-","A/G","A/G","A/G","A/G","A/A","A/G","A/A","G/G","A/A","A/G","A/G","A/G","A/G","A/G","G/G","A/G","A/A","A/G","G/G","A/G","A/G","A/G","A/G","A/G","A/G","A/G","A/A","A/A","A/A","A/G","-/-","A/G","-/-","A/G","A/G","A/A","A/G","A/G","A/A","A/G","A/A","G/G","A/G","G/G","A/A","A/G","A/A","A/G","G/G","A/G","A/G","A/G","A/G","A/A","A/A","A/A","A/A","A/G","-/-","A/A","A/A","-/-","A/G","A/A","G/G","A/A","-/-","A/A","A/A","G/G","A/G","A/A","A/G","A/G","A/A","A/A","-/-","A/A","A/G","G/G","G/G","G/G","G/G","A/G","G/G","A/G","A/G","A/A","A/A","G/G","G/G","A/G","A/G","A/A","A/A","A/G","A/G","A/A","A/A","G/G","A/A","A/G","A/G","A/A","G/G","A/G","A/G","A/G","A/G","A/A","A/A","A/A","G/G","A/A","A/A","A/A","A/A","A/G","A/A","A/A","A/A","A/A","A/A","A/A","A/G","G/G","A/A","G/G","G/G","G/G","A/A","A/G","G/G","G/G","G/G","G/G","A/G","G/G","G/G","A/G","G/G","G/G","A/G","A/G","G/G","G/G","A/G","A/A","A/G","G/G","A/G","A/A","G/G","A/G","G/G","A/G","G/G","A/G","G/G","G/G","A/G","A/G","G/G","G/G","G/G","G/G","A/G","A/G","A/G","G/G","G/G","A/G","G/G","A/G","A/A","A/G","A/G","A/G","G/G","A/G","A/G","G/G","G/G","-/-","A/G","G/G","A/G","G/G","G/G","-/-","G/G","A/G","A/G","-/-","G/G","A/A","G/G","A/G","A/G","A/G","G/G","A/A","A/G","A/A","A/A","A/G","G/G","A/G","A/G","G/G","A/G","A/A","G/G","G/G","G/G","A/G","G/G","A/G","G/G","A/A","A/A","G/G","G/G","G/G","G/G","G/G","G/G","A/G","G/G","A/G","G/G","-/-","A/G","A/G","G/G","G/G","G/G","A/G","G/G","A/G","A/G","A/G","A/A","A/G","G/G","G/G","A/G","G/G","G/G","A/A","G/G","A/G","A/G","A/G","G/G","A/G","A/G","A/A","A/G","G/G","A/A","A/A","A/A","G/G","G/G","A/A","A/G","A/G","A/G","A/A","A/G","A/G","A/A","A/A","A/G","G/G","-/-","-/-","A/G","A/G","A/G","G/G","A/A","A/A","A/A","A/G","G/G","A/G","A/A","G/G","A/G","A/A","A/G","G/G","G/G","A/A","A/G","A/G","G/G","G/G","G/G","G/G","G/G","G/G","A/G","G/G","A/G","G/G","A/G","G/G","G/G","G/G","A/G","G/G","-/-","A/G","A/G","A/A","A/G","G/G","G/G","G/G","A/A","A/G","A/G","A/G","G/G","G/G","G/G","G/G","G/G","G/G","A/G","A/G","A/G","A/G","-/-","A/A","A/A","A/A","G/G","A/A","A/G","G/G","G/G","G/G","A/A","A/G","A/G","A/A","G/G","G/G","A/G","A/A","A/G","A/G","A/G","A/G","A/G","A/A","A/A","A/A","A/G","A/G","A/A","A/A","A/G","A/G","A/G","G/G","A/A","-/-","A/G","A/G","A/A","A/G","A/G","G/G","A/A","A/G","A/G","G/G","A/G","A/G","A/G","A/G","A/G","A/G","A/G","G/G","G/G","A/A","A/A","A/A","A/A","A/G","G/G","A/A","A/G","A/G","A/A","G/G","A/G","G/G","A/G","A/G","A/A","G/G","A/G","G/G","G/G","A/A","G/G","G/G","A/G","G/G","A/A","A/G","G/G","A/G","A/G","G/G","A/A","A/A","G/G","A/G","A/G","A/A","A/G","G/G","G/G","A/G","A/A","A/A","A/G","G/G","G/G","A/G","A/G","G/G","A/G","A/A","A/G","A/G","A/G","A/G","G/G","A/G","G/G","A/G","G/G","A/G","A/G","A/G","A/G","A/A","G/G","A/A","A/G","A/G","G/G","A/A","A/A","A/G","A/G","A/A","G/G","A/A","A/G","A/G","A/G","A/G","A/A","G/G","A/A","A/A","A/G","A/G","A/G","A/G","G/G","G/G","A/G","A/A","A/G","G/G","A/G","A/G","A/G","A/A","A/G","A/G","A/G","A/G","A/A","A/A","A/G","A/G","-/-","G/G","A/G","A/G","A/A","A/G","A/A","A/G","A/G","A/G","A/G","A/A","A/G","G/G","A/A","A/G","A/A","A/A","G/G","-/-","A/A","A/A","A/G","A/G","G/G","A/G","A/A","A/G","G/G","G/G","A/G","A/A","A/G","G/G","A/A","G/G","G/G","G/G","G/G","G/G","G/G","A/A","G/G","G/G","A/G","G/G","G/G","G/G","G/G","G/G","A/G","G/G","A/G","G/G","A/G","A/G","A/G","G/G","A/A","-/-","A/G","G/G","G/G","G/G","A/G","A/A","G/G","A/G","A/G","A/A","A/A","A/G","A/G","G/G","G/G","A/G","A/G","A/G","A/G","A/G","G/G","A/G","A/A","A/G","G/G","G/G","A/G","A/G","G/G","A/G","A/A","A/G","G/G","A/G","A/G","G/G","A/G","G/G","G/G","A/G","A/G","G/G","G/G","G/G","G/G","G/G","G/G","G/G","A/A","A/G","A/G","A/A","G/G","A/G","A/G","G/G","G/G","A/G","G/G","G/G","A/G","G/G","G/G","G/G","G/G","G/G","G/G","A/G","A/G","A/G","A/A","A/A","G/G","A/G","G/G","G/G","A/G","G/G","A/G","A/G","A/G","A/G","G/G","A/A","A/A","G/G","G/G","G/G","A/G","A/G","A/G","A/G","A/A","A/A","-/-","A/G","A/A","A/G","A/A","G/G","G/G","A/G","A/G","A/G","G/G","A/A","A/G","A/G","A/G","A/G","G/G","G/G","A/G","A/G","G/G","A/A","A/G","A/G","G/G","G/G","G/G","A/G","G/G","G/G","A/G","A/A","G/G","G/G","A/G","G/G","G/G","A/A","A/G","A/A","A/G","A/A","A/G","G/G","-/-","A/A","A/A","G/G","A/A","A/A","A/G","A/G","A/A","A/G","G/G","A/G","A/G","A/A","A/A","A/A","G/G","A/A","-/-","G/G","A/G","A/A","G/G","A/G","A/A","G/G","A/G","-/-","A/G","A/G","G/G","A/A","G/G","A/G","G/G","G/G","G/G","A/G","A/A","A/A","G/G","A/A","G/G","G/G","G/G","A/A","A/A","A/A","G/G","G/G","A/G","-/-","A/G","G/G","A/G","A/A","G/G","G/G","A/G","A/G","A/G","A/A","A/A","A/A","A/G","A/G","G/G","A/G","-/-","G/G","A/G","G/G","-/-","G/G","A/G","A/G","A/G","-/-","A/G","A/G","A/G","G/G","A/G","G/G","A/G","G/G","A/G","A/G","A/G","A/G","G/G","A/G","A/G","A/G","G/G","G/G","G/G","A/G","G/G","A/G","A/A","A/G","A/A","A/G","G/G","A/A","G/G","A/G","A/G","A/G","G/G","G/G","G/G","-/-","A/G","A/G","A/A","A/A","A/A","G/G","A/G","A/G","A/A","A/A","A/A","A/A","G/G","-/-","A/A","A/G","A/A","G/G","A/G","A/G","A/A","A/G","A/G","A/A","A/G","-/-","A/G","A/A","A/A","A/A","A/G","A/A","A/A","A/A","G/G","A/A","A/G","A/G","A/G","G/G","G/G","A/G","A/G","A/A","A/A","G/G","G/G","G/G","G/G","G/G","A/A","A/G","A/A","A/A","A/G","A/A","A/G","A/G","A/G","A/G","-/-","A/A","A/A","A/A","A/A","G/G","G/G","G/G","G/G","G/G","G/G","G/G","A/A","A/A","A/A","G/G","G/G","A/A","A/A","A/A","A/A","-/-","G/G","G/G","A/A","-/-","G/G","G/G","A/A","A/A","A/A","G/G","G/G","G/G","A/G","A/A","A/A","A/A","A/A","A/A","A/A"
"13","Fea2.5","4","132734849","A/A","A/G","A/G","A/A","A/G","A/A","A/A","A/A","A/G","A/A","A/A","A/A","A/A","A/G","A/A","A/A","G/G","A/G","A/A","A/A","A/G","A/A","A/A","A/G","A/A","A/A","A/A","A/A","A/G","A/A","G/G","A/A","A/A","A/A","A/G","A/G","A/A","A/G","A/A","A/A","A/A","A/G","A/A","A/G","A/A","A/A","A/A","A/G","A/A","A/A","G/G","A/A","A/A","G/G","A/G","A/A","A/A","A/G","A/G","A/G","A/A","A/G","A/A","G/G","A/A","A/A","A/A","A/G","G/G","A/A","G/G","A/A","A/A","A/A","A/G","A/A","A/A","A/G","A/A","A/G","A/G","A/A","A/A","A/A","A/A","A/A","A/A","A/A","A/G","A/A","A/A","-/-","-/-","A/A","A/A","-/-","A/G","A/G","A/A","A/A","A/A","A/A","A/A","A/A","A/A","A/A","A/A","A/A","A/A","A/G","A/A","A/A","A/A","A/A","A/A","A/A","A/A","A/A","A/G","A/A","A/A","A/A","A/A","A/A","A/A","A/G","A/A","A/A","A/A","A/A","A/A","A/A","A/A","A/A","A/A","A/G","A/A","A/G","A/A","A/A","A/A","A/A","A/G","A/A","A/A","A/A","A/A","A/A","A/A","-/-","A/A","-/-","A/A","A/A","A/A","A/A","A/A","A/A","A/A","A/G","A/A","A/A","G/G","A/A","A/A","A/A","A/A","A/G","A/A","A/A","A/G","A/A","A/A","A/A","A/A","A/G","A/A","A/A","A/G","A/A","A/A","A/G","A/G","A/A","A/A","A/A","A/G","A/A","A/A","A/A","A/G","A/A","A/A","A/A","G/G","-/-","A/A","A/A","A/A","A/A","A/G","A/A","A/A","A/G","A/A","A/A","A/G","A/G","A/A","A/A","A/G","A/G","A/G","A/A","A/G","G/G","A/A","A/A","A/A","A/G","A/A","A/A","A/A","A/A","A/A","A/G","A/A","A/A","A/A","A/A","A/G","-/-","A/A","A/A","A/A","A/A","A/A","A/A","A/A","A/A","A/G","A/A","A/A","A/A","A/A","A/A","A/A","-/-","A/G","A/A","A/G","A/A","A/A","A/A","A/A","A/G","A/A","A/G","A/A","A/A","A/A","A/G","A/A","A/G","A/A","A/A","A/G","A/G","A/A","A/G","A/A","A/G","A/G","A/A","G/G","G/G","A/A","A/A","A/A","A/A","A/A","A/G","A/A","G/G","A/A","A/A","A/A","A/A","A/A","A/A","A/A","A/G","A/A","A/A","A/A","G/G","A/A","-/-","A/A","-/-","A/A","A/G","A/A","A/G","A/G","A/A","G/G","A/G","A/A","A/A","A/A","A/A","A/A","A/A","A/A","A/A","A/A","A/G","A/A","A/A","A/G","A/A","A/A","A/A","A/A","A/G","G/G","A/A","A/A","A/G","A/A","A/G","A/A","A/A","A/A","A/A","A/G","A/G","A/A","A/A","A/A","A/A","A/G","A/G","A/A","A/A","A/A","A/G","A/G","A/A","A/A","A/A","A/A","A/A","A/A","G/G","A/G","A/A","A/A","A/A","A/A","A/A","A/A","-/-","A/A","A/A","A/A","A/A","A/A","A/A","-/-","A/A","A/G","A/A","A/A","A/A","A/A","A/A","A/A","A/G","A/A","A/G","A/A","A/A","A/A","A/A","G/G","A/G","A/A","A/G","A/A","A/A","A/A","A/A","A/A","A/A","A/A","A/G","A/A","A/A","A/A","A/G","A/G","A/G","A/A","G/G","A/G","A/A","A/A","A/A","G/G","A/G","A/A","A/G","A/A","A/A","A/A","G/G","-/-","A/G","A/G","A/G","G/G","A/G","G/G","G/G","A/G","A/G","A/G","G/G","A/A","A/G","A/G","A/A","G/G","A/G","A/G","A/G","G/G","A/A","A/G","A/A","G/G","A/G","A/G","A/A","A/G","A/G","A/G","A/G","A/G","A/G","A/G","A/A","A/A","G/G","G/G","A/G","G/G","A/A","A/A","-/-","A/G","A/G","G/G","A/A","A/A","A/A","A/A","A/G","A/A","A/A","A/G","A/A","A/A","G/G","A/A","A/A","A/G","A/A","G/G","A/A","A/A","A/G","A/G","A/A","A/G","G/G","A/A","A/G","A/G","-/-","A/G","A/A","A/A","A/G","A/G","A/G","A/G","A/A","A/A","A/G","A/G","A/A","A/G","-/-","A/A","A/G","A/A","A/G","A/A","A/A","A/A","A/A","A/A","A/A","A/A","A/A","A/A","A/A","A/A","A/G","A/G","A/A","A/A","A/A","A/G","A/G","A/A","A/A","A/A","A/G","A/A","A/A","A/G","A/A","A/A","A/A","G/G","G/G","A/A","A/A","A/G","A/A","A/A","A/A","A/A","A/A","A/G","A/A","A/A","A/A","A/G","-/-","A/G","A/G","A/A","A/G","G/G","G/G","A/A","A/G","A/G","A/A","A/A","A/G","A/G","A/G","G/G","A/G","A/G","A/G","A/G","A/A","A/A","A/A","G/G","A/G","A/A","A/A","A/A","A/A","G/G","A/A","A/A","A/G","A/A","A/A","G/G","A/A","A/A","A/A","A/G","G/G","A/G","A/A","A/A","A/A","A/A","A/A","A/A","A/A","A/A","G/G","A/A","A/A","A/A","A/A","A/A","A/A","A/A","A/A","A/G","A/A","A/A","A/A","A/A","A/A","A/G","A/A","A/A","A/A","A/G","A/A","A/A","A/A","-/-","G/G","A/A","A/A","A/A","A/G","A/A","A/A","A/A","A/A","A/A","A/G","A/A","A/A","A/A","A/A","A/A","A/G","A/A","A/A","A/A","A/A","A/G","A/A","A/A","A/G","A/G","A/G","A/A","A/A","A/A","A/A","A/A","A/A","A/A","-/-","A/G","A/A","A/A","A/A","A/A","A/A","A/A","A/A","A/A","A/G","A/A","A/A","A/A","A/A","A/G","A/A","A/A","A/G","A/A","A/A","A/A","A/A","A/A","A/A","A/A","A/A","A/A","A/A","A/A","A/A","A/A","A/G","A/A","A/G","A/A","A/A","A/G","A/A","A/G","A/G","A/A","A/A","A/A","A/G","A/A","A/A","A/A","A/A","A/G","A/A","A/G","A/A","G/G","A/G","A/G","A/A","A/G","A/A","A/A","A/A","A/A","A/A","A/G","A/A","A/A","A/A","A/G","A/A","A/G","A/G","A/A","A/A","A/A","-/-","-/-","-/-","A/A","A/A","A/A","A/A","A/A","-/-","A/A","A/A","A/G","A/A","A/A","A/A","A/G","A/A","A/A","G/G","A/A","A/G","A/G","A/G","A/G","A/A","G/G","A/A","A/G","A/A","G/G","A/G","A/G","-/-","A/G","A/A","A/A","A/A","A/A","A/A","A/G","A/G","A/A","A/G","A/G","A/A","A/A","A/A","A/A","A/A","G/G","A/A","A/G","A/A","A/A","A/G","A/A","G/G","A/A","A/G","A/A","A/A","A/A","A/G","G/G","G/G","A/A","A/G","A/A","A/A","A/A","G/G","A/G","A/G","A/A","-/-","A/G","-/-","A/G","A/A","A/A","G/G","A/A","A/A","A/A","A/G","A/G","G/G","G/G","G/G","-/-","A/A","A/A","A/A","A/A","-/-","A/G","A/A","A/A","-/-","A/G","A/G","A/G","A/G","A/A","A/G","A/G","A/A","A/A","-/-","A/A","A/A","A/G","A/G","A/G","A/G","A/A","A/G","A/G","A/G","-/-","A/A","A/A","-/-","A/A","A/G","-/-","A/G","A/G","A/A","A/A","G/G","A/A","A/G","A/G","A/A","A/A","A/A","A/A","G/G","A/G","A/G","-/-","A/G","G/G","A/A","A/G","A/A","-/-","A/A","A/G","A/G","A/A","G/G","A/G","A/A","A/G","A/A","A/A","A/A","G/G","A/G","A/A","G/G","A/G","A/G","A/G","G/G","A/G","G/G","A/G","A/G","A/A","A/A","A/A","G/G","A/G","A/G","A/G","A/A","A/A","A/G","A/G","G/G","G/G","A/A","A/A","A/A","A/A","A/A","G/G","A/G","A/A","A/A","A/A","A/A","A/A","A/A","A/G","A/G","G/G","G/G","G/G","A/A","A/A","A/A","A/A","A/A","A/A","A/A","A/A","A/A","G/G","G/G","G/G","A/A","A/A","A/A","A/A","A/A","A/A","A/A","A/A","A/A","A/A","A/A","A/A","-/-","A/A","A/A","A/A","A/A","A/A","A/A","A/A","A/A","G/G","G/G","A/A","A/A","A/A"
"475","PZA00704.11","4","128552748","A/A","G/G","A/G","G/G","A/G","G/G","A/G","G/G","A/A","G/G","G/G","G/G","G/G","G/G","G/G","G/G","G/G","-/-","G/G","G/G","G/G","A/A","G/G","G/G","G/G","-/-","A/A","G/G","G/G","A/G","G/G","G/G","G/G","G/G","A/A","A/G","A/G","A/A","A/G","G/G","A/A","G/G","G/G","A/G","A/G","G/G","G/G","G/G","-/-","A/A","G/G","G/G","A/A","G/G","A/A","G/G","A/G","A/G","A/G","G/G","A/A","A/G","G/G","G/G","A/G","A/G","A/A","A/A","G/G","A/A","A/G","A/G","A/G","A/G","-/-","A/G","A/G","-/-","A/G","A/A","A/A","A/G","G/G","-/-","A/G","G/G","-/-","G/G","A/G","G/G","G/G","G/G","G/G","G/G","G/G","G/G","A/G","G/G","A/G","G/G","G/G","G/G","A/A","A/G","G/G","G/G","G/G","A/A","A/G","A/A","G/G","A/G","G/G","G/G","G/G","G/G","G/G","G/G","G/G","G/G","G/G","G/G","G/G","G/G","G/G","A/G","A/G","G/G","A/A","G/G","A/G","G/G","G/G","G/G","G/G","G/G","G/G","G/G","A/G","G/G","G/G","G/G","G/G","G/G","A/G","G/G","A/G","G/G","A/G","A/G","A/G","G/G","A/A","A/A","G/G","A/G","A/G","G/G","G/G","A/G","G/G","-/-","A/G","G/G","G/G","A/G","G/G","G/G","G/G","G/G","G/G","G/G","G/G","G/G","G/G","G/G","G/G","G/G","G/G","G/G","G/G","G/G","G/G","G/G","G/G","G/G","G/G","G/G","G/G","G/G","G/G","G/G","A/G","G/G","-/-","G/G","G/G","G/G","A/G","G/G","G/G","A/G","G/G","A/G","G/G","A/A","A/G","A/G","G/G","A/G","-/-","A/G","G/G","G/G","A/G","A/A","G/G","G/G","G/G","G/G","G/G","G/G","A/A","G/G","G/G","G/G","G/G","A/G","-/-","A/G","G/G","A/G","A/G","A/G","G/G","A/G","G/G","A/G","A/A","A/G","G/G","A/G","G/G","-/-","A/G","A/G","A/G","A/G","G/G","G/G","G/G","-/-","G/G","A/A","A/A","A/G","A/A","A/G","A/G","A/A","A/G","A/G","A/A","G/G","G/G","A/A","G/G","A/A","A/A","G/G","G/G","G/G","A/G","G/G","A/G","A/G","G/G","G/G","G/G","A/G","G/G","G/G","G/G","G/G","A/A","G/G","G/G","G/G","G/G","G/G","A/G","G/G","-/-","G/G","G/G","G/G","A/G","G/G","A/G","A/A","G/G","-/-","G/G","G/G","A/G","G/G","G/G","G/G","A/G","A/G","A/G","A/G","A/G","A/A","G/G","G/G","A/G","A/A","A/A","A/G","A/A","G/G","G/G","A/A","A/G","A/A","A/A","A/G","G/G","-/-","A/G","-/-","G/G","A/G","G/G","G/G","A/G","A/G","G/G","G/G","-/-","G/G","-/-","G/G","A/G","-/-","G/G","A/A","A/G","A/G","G/G","A/G","G/G","A/G","G/G","G/G","G/G","A/G","G/G","A/G","A/G","A/G","G/G","A/A","G/G","A/G","G/G","G/G","A/G","A/G","A/A","G/G","A/G","A/A","A/G","A/G","G/G","A/G","A/A","A/A","A/G","A/A","A/G","A/G","-/-","A/G","A/G","A/A","G/G","G/G","A/A","A/G","A/G","G/G","G/G","G/G","A/G","G/G","G/G","A/G","A/G","A/G","A/A","G/G","A/G","A/A","A/G","G/G","A/A","G/G","A/G","A/G","G/G","G/G","A/A","-/-","G/G","A/G","G/G","G/G","G/G","A/A","G/G","A/G","G/G","G/G","A/A","G/G","G/G","G/G","G/G","A/G","G/G","A/A","-/-","G/G","G/G","A/G","A/G","G/G","A/G","G/G","A/G","-/-","A/G","G/G","A/G","G/G","A/A","A/G","A/A","G/G","A/A","A/G","A/G","-/-","G/G","A/G","A/G","G/G","A/G","A/A","A/G","A/G","A/G","A/A","G/G","G/G","A/A","A/G","A/A","A/A","A/A","A/A","A/A","A/A","A/G","A/G","A/G","G/G","G/G","A/A","A/A","G/G","-/-","A/G","A/G","A/G","A/G","G/G","A/G","A/A","A/G","G/G","A/G","A/A","A/A","-/-","A/A","A/G","A/G","A/G","A/G","A/G","A/G","A/A","A/G","A/G","A/A","A/G","A/G","A/G","A/G","A/G","A/G","A/G","A/G","A/G","G/G","G/G","A/A","G/G","G/G","A/G","A/G","A/G","A/G","A/G","A/G","G/G","A/A","G/G","A/G","-/-","A/G","G/G","G/G","A/A","A/A","A/G","A/G","G/G","G/G","G/G","A/G","G/G","A/G","-/-","A/G","A/A","A/G","G/G","A/G","G/G","G/G","G/G","G/G","A/G","G/G","A/G","G/G","G/G","G/G","G/G","G/G","G/G","G/G","G/G","G/G","G/G","G/G","G/G","G/G","G/G","G/G","G/G","G/G","G/G","G/G","G/G","-/-","G/G","A/A","-/-","A/G","G/G","A/A","-/-","A/G","A/A","A/G","A/G","A/G","G/G","A/A","A/G","A/A","G/G","G/G","A/G","G/G","G/G","G/G","-/-","-/-","G/G","A/A","G/G","A/G","G/G","A/G","G/G","-/-","G/G","-/-","G/G","A/G","A/G","A/G","G/G","A/A","G/G","A/G","A/G","G/G","A/A","A/A","A/G","G/G","A/A","A/A","A/G","A/G","A/G","G/G","G/G","G/G","G/G","A/A","A/A","A/G","G/G","G/G","A/A","G/G","A/A","A/G","A/A","G/G","G/G","G/G","G/G","A/G","-/-","A/G","G/G","-/-","A/G","A/G","A/A","A/G","A/G","G/G","G/G","A/G","G/G","A/G","A/G","G/G","G/G","A/A","A/G","A/G","A/G","-/-","G/G","A/G","A/G","G/G","A/A","A/A","G/G","A/A","A/A","A/G","A/A","A/G","A/A","A/A","-/-","A/G","A/G","G/G","A/G","A/A","A/G","A/G","A/G","G/G","A/G","A/G","A/G","G/G","A/G","-/-","G/G","A/A","G/G","G/G","G/G","G/G","G/G","A/G","A/G","G/G","A/G","G/G","A/G","A/G","A/G","A/G","A/G","G/G","-/-","G/G","A/G","G/G","A/A","-/-","A/A","G/G","G/G","G/G","A/G","A/A","G/G","G/G","G/G","A/G","G/G","A/G","A/G","A/A","A/G","A/G","A/G","A/A","A/G","G/G","A/G","A/G","G/G","G/G","A/G","A/G","-/-","A/G","G/G","A/G","G/G","A/G","G/G","A/G","G/G","A/A","A/A","G/G","A/G","G/G","-/-","-/-","-/-","A/G","A/G","G/G","G/G","A/A","G/G","A/G","G/G","G/G","A/G","G/G","A/A","A/G","A/A","A/G","A/A","G/G","G/G","A/A","G/G","G/G","G/G","G/G","G/G","A/A","-/-","G/G","A/G","A/A","A/G","A/A","A/A","A/A","G/G","A/G","A/G","G/G","G/G","A/G","A/A","A/G","A/A","A/A","G/G","A/A","A/A","A/G","A/A","A/G","-/-","G/G","G/G","A/G","G/G","A/G","A/G","G/G","A/A","A/A","A/G","G/G","A/A","G/G","A/G","G/G","A/G","A/A","A/A","G/G","G/G","A/A","A/A","G/G","G/G","A/G","A/A","A/G","A/A","A/G","A/A","A/A","A/A","A/A","A/G","A/A","-/-","A/A","A/G","A/G","A/G","-/-","A/G","G/G","G/G","A/G","A/G","A/A","A/G","A/A","A/A","A/G","A/G","A/G","G/G","G/G","A/G","G/G","A/G","G/G","G/G","A/A","G/G","G/G","A/G","G/G","A/A","G/G","G/G","G/G","G/G","G/G","-/-","A/G","A/G","G/G","A/A","G/G","G/G","G/G","G/G","A/A","G/G","A/A","G/G","A/A","A/A","A/A","G/G","G/G","G/G","A/A","A/A","-/-","-/-","A/A","A/A","A/A","A/A","A/A","A/A","A/A","A/A","A/A","A/A","A/A","A/A","A/A","A/A","A/A","A/A","A/A","A/A","A/A","A/A","-/-","A/A","-/-","A/A","A/A","-/-","-/-","A/A","G/G","G/G","G/G","G/G","G/G","G/G","G/G","G/G","G/G","G/G","G/G","A/A","A/A","A/A","A/A","G/G","G/G","G/G","G/G","G/G","G/G","A/A","-/-","-/-","A/A","-/-","G/G","G/G","G/G","G/G","G/G"
"457","PZA00662.3","4","123175449","G/G","G/G","G/G","G/G","G/G","G/G","G/T","G/G","G/G","G/G","-/-","G/G","G/G","G/G","G/G","G/G","G/T","G/T","G/T","G/G","G/T","T/T","G/T","G/T","G/T","G/T","G/G","G/T","G/T","G/G","G/T","G/T","G/T","G/G","G/T","G/T","G/G","G/T","G/T","T/T","G/T","-/-","-/-","-/-","G/G","G/G","G/G","T/T","G/T","G/G","T/T","G/G","G/T","G/G","G/G","G/G","-/-","G/T","G/G","-/-","G/G","G/T","G/G","G/G","T/T","G/G","G/G","G/G","T/T","G/T","G/T","G/T","G/T","G/G","T/T","G/G","G/G","T/T","G/T","G/T","G/T","G/T","G/G","G/G","G/G","G/G","G/G","G/G","-/-","G/T","G/G","G/G","T/T","G/G","G/G","-/-","G/G","G/G","G/G","G/G","G/G","G/G","G/G","G/T","G/G","G/G","G/G","G/T","G/G","G/T","G/G","G/G","G/G","G/T","G/G","G/G","G/T","G/G","G/G","G/T","G/T","G/T","G/G","G/G","G/G","G/G","G/G","G/T","G/G","G/G","G/T","G/G","G/T","T/T","G/G","G/G","G/G","G/G","G/T","G/G","G/G","G/G","-/-","G/G","G/G","G/G","G/G","G/G","G/G","T/T","G/G","G/G","T/T","T/T","G/G","G/T","G/T","G/T","G/G","G/T","G/G","G/T","T/T","T/T","G/G","G/G","T/T","G/T","T/T","T/T","G/G","G/T","G/T","T/T","T/T","T/T","G/G","G/G","G/G","G/T","G/G","T/T","G/G","G/G","G/G","G/G","G/G","G/G","T/T","T/T","G/G","T/T","T/T","G/T","-/-","G/T","T/T","-/-","T/T","G/G","T/T","T/T","T/T","G/T","T/T","T/T","G/T","T/T","T/T","T/T","G/T","T/T","T/T","-/-","T/T","T/T","G/T","T/T","G/T","T/T","T/T","G/T","T/T","G/G","G/G","G/G","-/-","T/T","G/T","G/G","G/T","T/T","T/T","G/T","T/T","T/T","T/T","G/G","T/T","T/T","G/T","T/T","T/T","T/T","T/T","T/T","G/T","G/T","G/T","T/T","G/T","T/T","T/T","G/G","T/T","T/T","G/T","T/T","G/T","G/G","G/T","T/T","-/-","T/T","G/T","G/G","T/T","G/T","G/G","T/T","G/G","G/T","G/T","T/T","G/G","G/T","G/T","T/T","T/T","-/-","T/T","T/T","G/G","T/T","T/T","G/T","T/T","G/T","G/T","T/T","G/T","G/T","T/T","T/T","G/T","G/T","T/T","-/-","G/T","G/G","G/T","T/T","T/T","T/T","T/T","T/T","T/T","T/T","T/T","T/T","G/T","G/T","T/T","T/T","T/T","T/T","T/T","T/T","T/T","T/T","G/T","G/T","T/T","T/T","T/T","T/T","T/T","G/T","T/T","T/T","G/T","T/T","-/-","T/T","T/T","T/T","T/T","T/T","T/T","G/T","T/T","T/T","T/T","T/T","T/T","T/T","T/T","T/T","T/T","T/T","G/T","T/T","T/T","G/T","T/T","T/T","G/T","-/-","T/T","-/-","G/T","G/T","G/T","T/T","G/T","G/T","G/T","T/T","G/G","-/-","T/T","G/T","T/T","T/T","G/T","G/T","G/G","T/T","T/T","T/T","T/T","T/T","-/-","T/T","G/T","T/T","G/T","G/T","G/T","T/T","G/T","T/T","T/T","G/G","-/-","G/T","G/T","T/T","T/T","-/-","G/T","-/-","T/T","T/T","T/T","G/T","T/T","T/T","G/G","G/T","-/-","G/T","T/T","G/T","T/T","-/-","T/T","G/T","T/T","G/T","T/T","T/T","T/T","G/T","G/T","T/T","T/T","G/G","G/T","T/T","T/T","T/T","T/T","G/T","T/T","G/T","T/T","T/T","T/T","T/T","T/T","T/T","G/T","T/T","G/T","T/T","T/T","T/T","T/T","G/T","G/T","T/T","T/T","G/T","G/T","G/T","T/T","G/T","T/T","T/T","G/G","G/G","G/T","G/T","T/T","G/T","G/T","T/T","-/-","T/T","G/G","G/G","T/T","T/T","G/G","-/-","G/T","G/T","G/G","G/T","T/T","G/T","G/T","T/T","G/T","T/T","G/T","G/T","G/T","G/T","G/T","T/T","G/T","T/T","G/G","G/T","-/-","T/T","G/T","G/T","G/T","G/G","T/T","G/T","G/T","G/G","G/T","G/G","T/T","G/T","-/-","T/T","G/T","T/T","G/T","-/-","G/T","T/T","T/T","-/-","G/T","T/T","T/T","T/T","T/T","G/T","T/T","G/T","G/G","G/G","T/T","-/-","G/G","T/T","T/T","G/T","G/T","G/T","G/T","G/G","G/T","G/T","G/T","G/G","G/T","T/T","T/T","G/G","G/G","G/T","G/G","G/G","T/T","T/T","T/T","T/T","T/T","T/T","T/T","T/T","G/T","T/T","T/T","T/T","G/T","T/T","T/T","T/T","T/T","T/T","T/T","T/T","T/T","G/G","G/T","T/T","T/T","T/T","G/G","G/G","G/G","G/T","G/G","T/T","G/T","T/T","G/T","G/T","G/T","G/T","G/T","G/T","G/G","T/T","G/T","G/G","G/T","G/G","G/G","G/T","G/G","G/T","G/G","G/T","G/T","G/G","G/T","G/G","G/G","G/G","G/G","G/G","G/G","G/G","G/T","G/G","G/T","G/G","G/G","G/G","T/T","G/G","G/T","G/T","G/G","G/T","G/T","G/T","G/T","G/G","G/T","G/T","T/T","G/G","G/G","T/T","G/G","T/T","T/T","T/T","G/G","G/T","G/G","G/G","G/T","G/G","G/T","G/G","G/T","G/G","G/G","G/G","G/T","G/T","G/G","G/T","G/T","G/G","G/G","G/T","T/T","G/G","G/T","G/T","G/T","G/T","G/T","G/T","G/T","G/G","G/G","G/T","G/G","G/T","G/G","G/G","T/T","G/G","G/T","G/G","T/T","G/G","-/-","G/T","G/G","T/T","G/T","G/G","G/T","G/T","G/G","G/T","-/-","T/T","G/G","G/T","G/G","G/G","G/T","G/T","T/T","-/-","G/G","G/G","T/T","G/T","G/T","G/T","T/T","G/G","G/T","G/T","-/-","G/T","T/T","G/G","T/T","G/T","G/T","G/T","G/G","T/T","-/-","T/T","G/T","T/T","G/T","T/T","G/T","G/T","G/T","T/T","G/T","G/T","G/T","G/G","G/G","G/G","G/G","-/-","G/T","G/T","T/T","G/T","G/G","G/G","G/T","G/T","G/T","G/G","G/T","G/G","G/G","G/T","G/T","G/T","G/G","G/T","G/G","T/T","G/G","G/T","G/T","G/G","G/G","G/G","T/T","G/G","T/T","G/T","G/T","G/G","G/G","T/T","G/T","G/G","G/T","G/G","G/T","G/G","G/T","T/T","G/T","T/T","G/T","T/T","G/T","T/T","G/T","G/G","G/G","T/T","T/T","T/T","T/T","G/T","G/G","G/T","G/G","T/T","T/T","-/-","T/T","G/G","T/T","-/-","-/-","-/-","G/G","G/G","-/-","T/T","G/T","G/T","T/T","T/T","T/T","T/T","G/T","G/T","-/-","T/T","T/T","T/T","G/T","T/T","T/T","G/T","G/T","T/T","G/T","-/-","G/T","T/T","T/T","G/T","G/G","G/T","G/G","G/G","T/T","T/T","T/T","T/T","T/T","G/T","G/G","T/T","G/T","T/T","G/T","G/G","G/T","G/T","G/T","G/G","G/T","T/T","T/T","G/T","T/T","-/-","T/T","G/T","T/T","G/G","T/T","G/T","G/T","T/T","-/-","G/T","G/T","G/T","G/T","G/T","G/G","G/G","-/-","T/T","G/T","T/T","G/T","T/T","G/T","G/T","T/T","G/T","G/T","G/T","T/T","T/T","G/T","T/T","G/T","G/T","T/T","T/T","G/T","G/T","G/T","G/G","T/T","T/T","T/T","T/T","G/T","T/T","T/T","T/T","G/T","T/T","T/T","T/T","T/T","T/T","T/T","T/T","T/T","T/T","T/T","T/T","G/T","T/T","T/T","T/T","T/T","T/T","T/T","T/T","T/T","T/T","T/T","T/T","G/G","G/G","G/G","T/T","G/T","T/T","T/T","T/T","G/G","-/-","T/T","T/T","G/G","G/G","G/G","G/G","G/G","G/G","G/G","G/G","G/G","T/T","T/T","T/T","G/G","T/T","T/T","T/T","G/G","G/G","G/G","T/T","T/T","T/T","G/G","G/G","G/G","G/G","T/T","T/T","T/T"
"781","PZB00093.4","4","122796274","C/C","C/C","C/C","C/C","C/C","C/G","C/C","-/-","C/C","C/C","C/G","C/C","C/C","C/C","C/C","C/G","C/C","-/-","C/C","C/C","C/C","C/C","C/C","C/G","C/C","C/C","C/C","C/G","C/C","C/C","C/C","C/G","C/C","C/C","C/C","C/C","C/C","C/G","C/G","C/G","C/C","C/G","C/G","C/C","C/C","C/G","C/C","C/C","C/G","C/C","C/C","C/G","C/C","C/C","C/C","C/G","C/G","C/G","C/C","C/G","C/C","C/C","C/C","C/C","C/C","C/C","C/C","C/C","C/C","C/C","C/C","C/G","C/C","C/C","C/G","C/C","C/G","C/G","C/G","C/C","G/G","C/G","C/C","C/C","C/C","C/G","C/G","C/G","C/C","C/C","C/G","C/G","C/C","C/C","C/C","C/C","C/C","C/C","C/C","C/C","C/C","C/G","C/C","C/C","C/C","C/C","C/C","C/C","C/C","C/C","C/G","C/C","C/C","C/C","C/C","C/C","C/C","C/C","C/C","C/C","C/C","C/C","-/-","C/C","C/C","C/C","C/C","C/C","C/C","C/C","-/-","C/C","C/C","C/C","C/C","C/C","C/C","C/C","C/C","C/C","C/C","C/C","C/C","C/C","C/C","C/C","C/C","C/C","C/C","C/C","C/C","C/C","C/C","C/C","C/C","C/C","C/C","C/C","C/C","C/C","C/C","C/C","C/C","C/C","C/G","C/C","C/G","C/G","C/C","C/C","C/C","C/C","C/G","C/C","C/G","C/C","C/C","C/C","G/G","C/G","C/C","C/C","C/C","C/C","C/C","C/C","C/C","C/C","C/C","C/C","C/C","C/C","C/C","C/C","C/G","C/C","C/C","C/C","C/C","C/C","C/C","C/C","C/C","C/G","C/C","C/C","C/C","C/C","C/C","C/C","C/G","C/C","C/C","C/C","C/C","G/G","C/C","C/C","C/C","C/C","C/C","C/C","C/C","C/C","C/C","C/C","C/C","C/G","C/G","C/C","C/C","C/C","C/C","C/C","C/G","C/C","C/C","C/C","C/C","C/C","C/C","C/C","C/C","C/C","C/C","C/C","C/C","C/C","C/C","C/C","C/C","C/C","C/C","C/C","C/C","C/C","C/C","C/C","C/C","C/C","C/C","C/C","C/C","C/C","C/C","C/C","C/C","C/C","C/C","C/C","C/C","C/C","C/C","C/C","C/C","C/C","C/C","C/C","C/C","C/C","C/C","C/C","C/C","C/C","C/C","C/C","C/C","C/C","C/C","C/C","C/G","C/C","C/G","C/G","C/C","C/C","C/C","C/C","C/C","C/C","C/C","C/C","-/-","C/G","C/C","C/C","C/C","C/G","C/G","C/G","C/C","C/C","C/G","C/C","C/C","C/C","C/G","C/C","C/C","C/G","C/C","C/C","C/C","C/C","C/C","C/C","C/C","C/C","C/G","C/C","C/C","C/C","C/G","C/G","C/C","C/C","C/C","C/C","C/C","C/C","C/C","C/C","C/C","C/C","C/C","C/C","C/C","C/C","C/C","C/C","C/C","C/G","C/C","C/C","C/C","C/G","C/C","C/C","C/C","C/C","C/C","C/C","C/G","C/C","C/C","C/C","C/C","C/C","C/C","C/C","C/C","C/C","C/G","C/C","C/C","C/C","C/C","C/C","C/C","C/C","C/C","C/C","C/C","C/C","C/C","C/C","-/-","C/C","C/G","C/G","C/G","C/C","C/C","C/C","C/C","C/C","C/G","C/C","C/G","C/C","C/C","C/C","C/G","C/C","C/C","C/C","C/G","C/C","C/C","C/C","C/C","C/C","C/C","C/C","C/C","C/G","C/G","C/G","C/G","C/C","C/C","C/G","-/-","C/G","C/C","G/G","C/C","C/C","C/C","C/C","C/C","C/G","C/C","C/C","C/C","C/C","C/C","C/C","C/C","C/C","C/C","C/C","C/C","C/C","C/C","C/C","C/C","C/C","C/G","C/C","C/C","C/C","C/C","C/C","C/C","C/C","C/C","C/C","C/C","C/C","C/C","C/G","C/C","C/C","C/C","C/G","C/C","C/C","C/C","C/C","C/C","C/G","C/G","C/G","C/G","C/C","C/C","C/C","C/C","C/C","C/C","C/C","C/C","C/C","C/C","C/G","C/C","C/G","C/G","C/C","C/C","C/C","C/C","C/G","C/G","C/C","C/C","C/C","C/G","C/C","C/C","C/G","C/C","C/G","C/C","C/C","C/G","C/G","C/C","C/G","C/C","C/C","C/C","C/C","C/G","C/C","C/C","C/G","C/G","C/G","C/C","C/G","C/C","C/C","C/C","C/G","C/C","C/C","C/G","C/G","C/C","C/C","C/G","C/C","C/G","C/G","C/C","C/C","C/C","C/C","C/C","C/C","C/C","C/C","C/G","C/C","C/C","C/G","C/G","C/C","C/G","C/G","C/C","C/C","C/C","C/C","C/G","C/C","C/C","C/G","C/C","C/C","C/C","C/C","C/C","C/C","C/C","C/C","C/C","C/C","C/C","C/C","C/G","C/C","C/C","C/C","C/C","C/C","C/C","C/C","C/C","-/-","C/G","C/C","C/G","C/C","C/C","C/C","C/G","C/G","C/G","C/C","C/C","C/C","C/G","C/C","C/C","C/C","C/C","C/C","C/C","C/C","C/C","C/G","C/G","C/C","C/G","C/C","C/C","C/C","C/C","C/C","C/C","C/C","C/C","C/C","C/C","C/C","C/C","C/C","C/C","G/G","C/C","C/C","C/C","C/C","C/C","C/C","C/G","C/C","C/C","C/C","C/C","C/C","C/C","C/C","C/C","C/C","C/C","C/C","C/C","C/G","C/C","G/G","-/-","C/C","C/C","C/C","C/C","C/C","C/C","C/C","C/G","C/C","C/C","C/G","C/C","C/C","C/C","C/G","C/G","C/C","C/G","C/G","C/C","C/C","C/C","C/C","C/C","C/C","C/C","C/C","C/C","C/G","C/C","C/C","C/G","C/C","C/C","C/C","C/C","C/C","C/G","C/C","C/C","C/C","C/C","C/C","C/C","C/G","C/C","C/G","C/C","C/C","C/C","C/C","C/C","C/C","C/C","C/C","C/C","C/C","C/C","C/C","C/C","C/G","C/C","C/C","C/C","C/C","C/C","C/G","C/C","C/G","C/G","C/G","C/C","C/C","C/G","C/C","C/C","C/G","C/G","C/C","C/G","C/C","C/C","C/C","C/C","C/C","C/G","C/G","C/G","C/C","C/C","C/C","C/C","C/C","C/C","C/C","C/C","C/C","C/G","C/G","C/G","C/C","C/G","C/C","C/C","C/C","C/G","C/C","C/C","C/C","C/C","C/C","C/C","C/G","C/C","C/G","C/C","C/G","C/C","C/G","C/C","C/C","G/G","C/C","C/C","C/C","C/G","C/C","C/C","C/G","C/G","C/C","C/G","C/G","C/C","C/C","C/G","C/G","C/G","C/G","C/C","C/G","C/C","C/C","C/C","C/C","C/C","C/C","C/C","C/C","C/C","C/C","C/C","C/C","C/C","C/C","C/C","C/C","C/G","C/C","C/C","C/C","C/C","C/C","C/C","C/C","C/C","C/G","C/C","C/C","C/C","C/C","C/C","C/C","C/C","C/C","C/C","C/C","C/C","C/C","C/C","C/C","C/C","C/C","C/C","C/C","C/C","C/C","C/C","C/C","C/C","C/C","C/C","C/C","C/C","C/G","C/C","C/C","C/C","C/C","C/C","C/C","C/C","C/C","C/C","C/C","C/C","C/C","C/C","C/G","C/C","C/C","C/C","C/C","C/C","C/C","C/G","C/C","C/G","C/C","C/C","C/C","C/G","C/C","C/C","C/C","C/C","C/C","C/C","C/C","C/G","C/G","C/C","C/C","C/C","C/G","C/C","C/C","C/C","C/C","C/C","C/C","C/C","C/C","C/C","C/C","C/C","G/G","C/C","C/G","C/C","C/G","C/C","C/C","C/G","C/G","C/C","C/C","C/G","C/C","C/G","C/G","C/G","C/G","G/G","C/C","C/C","C/C","C/G","C/G","G/G","G/G","G/G","G/G","C/G","C/G","C/G","C/G","-/-","C/G","G/G","C/G","C/G","C/G","C/G","C/C","C/C","C/G","C/G","C/G","C/C","C/C","C/C","C/C","C/C","C/G","C/G","-/-","C/C","C/C","C/C","C/C","C/C","C/C","C/C","G/G","G/G","C/C","C/C","C/C","C/C","C/G","C/G","C/G","C/C","C/C","C/C","C/C","C/C","C/C","C/C","C/G","-/-","G/G","C/C","C/C","C/C","C/C","C/G","C/G","C/G"
"780","PZB00093.3","4","122796119","G/G","-/-","A/G","G/G","G/G","G/G","G/G","G/G","G/G","A/G","G/G","A/G","G/G","A/G","G/G","G/G","G/G","G/G","G/G","G/G","G/G","G/G","G/G","G/G","G/G","G/G","-/-","G/G","G/G","G/G","G/G","G/G","G/G","G/G","G/G","G/G","G/G","G/G","G/G","A/G","G/G","G/G","G/G","G/G","G/G","G/G","G/G","G/G","G/G","G/G","G/G","G/G","G/G","G/G","G/G","G/G","G/G","G/G","A/G","G/G","A/G","G/G","G/G","G/G","G/G","G/G","G/G","G/G","G/G","G/G","G/G","G/G","G/G","G/G","G/G","G/G","G/G","G/G","G/G","G/G","G/G","G/G","G/G","G/G","G/G","G/G","G/G","G/G","G/G","G/G","A/G","G/G","G/G","G/G","G/G","G/G","G/G","G/G","G/G","-/-","G/G","G/G","G/G","G/G","G/G","G/G","G/G","A/G","-/-","A/G","G/G","G/G","G/G","G/G","G/G","G/G","G/G","G/G","G/G","G/G","G/G","G/G","G/G","G/G","G/G","G/G","G/G","G/G","G/G","-/-","G/G","G/G","G/G","G/G","G/G","G/G","G/G","G/G","G/G","G/G","G/G","G/G","G/G","G/G","G/G","G/G","G/G","G/G","G/G","G/G","G/G","G/G","G/G","G/G","G/G","G/G","G/G","G/G","G/G","G/G","G/G","G/G","G/G","G/G","G/G","G/G","G/G","G/G","G/G","G/G","G/G","G/G","G/G","G/G","G/G","G/G","G/G","G/G","G/G","G/G","G/G","G/G","G/G","G/G","A/G","G/G","G/G","A/G","G/G","G/G","A/G","G/G","G/G","G/G","G/G","G/G","G/G","G/G","G/G","G/G","G/G","G/G","G/G","G/G","G/G","G/G","G/G","G/G","G/G","G/G","G/G","-/-","G/G","G/G","G/G","G/G","G/G","G/G","G/G","G/G","G/G","G/G","G/G","G/G","G/G","G/G","G/G","G/G","G/G","G/G","G/G","G/G","G/G","G/G","G/G","G/G","G/G","G/G","G/G","G/G","G/G","G/G","G/G","G/G","G/G","G/G","G/G","G/G","G/G","G/G","G/G","G/G","G/G","G/G","G/G","G/G","G/G","G/G","G/G","G/G","G/G","G/G","G/G","G/G","G/G","G/G","G/G","G/G","G/G","G/G","G/G","G/G","G/G","G/G","G/G","G/G","G/G","G/G","G/G","G/G","G/G","G/G","G/G","G/G","G/G","G/G","G/G","G/G","G/G","G/G","G/G","G/G","G/G","G/G","G/G","G/G","G/G","G/G","G/G","G/G","G/G","G/G","G/G","G/G","G/G","G/G","G/G","G/G","G/G","G/G","G/G","G/G","G/G","G/G","G/G","G/G","G/G","G/G","G/G","G/G","G/G","G/G","G/G","G/G","G/G","G/G","G/G","G/G","G/G","G/G","G/G","G/G","G/G","G/G","G/G","G/G","G/G","G/G","G/G","G/G","G/G","G/G","G/G","G/G","G/G","G/G","G/G","G/G","G/G","G/G","G/G","G/G","G/G","G/G","G/G","G/G","G/G","G/G","G/G","G/G","G/G","-/-","G/G","G/G","G/G","G/G","G/G","G/G","G/G","G/G","G/G","G/G","G/G","G/G","G/G","G/G","G/G","G/G","G/G","G/G","G/G","G/G","G/G","G/G","G/G","G/G","G/G","-/-","G/G","G/G","-/-","G/G","G/G","G/G","G/G","G/G","G/G","G/G","G/G","G/G","G/G","G/G","G/G","G/G","G/G","G/G","G/G","G/G","G/G","G/G","G/G","G/G","G/G","G/G","G/G","G/G","G/G","G/G","G/G","G/G","G/G","G/G","-/-","G/G","G/G","G/G","G/G","G/G","G/G","G/G","G/G","G/G","G/G","G/G","G/G","G/G","G/G","G/G","G/G","G/G","G/G","G/G","G/G","G/G","G/G","G/G","G/G","G/G","G/G","G/G","G/G","G/G","G/G","G/G","G/G","G/G","G/G","G/G","G/G","G/G","G/G","G/G","G/G","G/G","G/G","G/G","G/G","G/G","A/G","G/G","A/G","G/G","G/G","G/G","G/G","G/G","G/G","G/G","G/G","G/G","A/G","G/G","G/G","A/G","-/-","G/G","G/G","G/G","G/G","G/G","G/G","G/G","G/G","G/G","G/G","G/G","G/G","A/G","G/G","G/G","G/G","G/G","A/G","G/G","G/G","G/G","G/G","G/G","G/G","G/G","G/G","A/G","G/G","G/G","G/G","G/G","G/G","G/G","G/G","G/G","G/G","G/G","G/G","G/G","-/-","G/G","-/-","G/G","G/G","G/G","G/G","G/G","G/G","G/G","G/G","G/G","G/G","G/G","G/G","G/G","G/G","G/G","-/-","G/G","G/G","G/G","G/G","G/G","G/G","G/G","G/G","G/G","G/G","G/G","G/G","G/G","G/G","G/G","G/G","G/G","G/G","G/G","G/G","G/G","G/G","G/G","G/G","G/G","G/G","G/G","G/G","G/G","G/G","G/G","G/G","G/G","G/G","G/G","G/G","A/G","G/G","G/G","G/G","G/G","G/G","G/G","G/G","G/G","G/G","G/G","G/G","G/G","G/G","G/G","G/G","G/G","G/G","G/G","G/G","G/G","G/G","G/G","G/G","G/G","G/G","G/G","G/G","G/G","G/G","G/G","G/G","G/G","G/G","G/G","G/G","G/G","G/G","G/G","G/G","G/G","G/G","G/G","G/G","G/G","G/G","G/G","G/G","G/G","G/G","G/G","G/G","G/G","G/G","G/G","G/G","-/-","G/G","G/G","G/G","G/G","G/G","G/G","G/G","G/G","G/G","G/G","G/G","G/G","G/G","G/G","G/G","G/G","G/G","G/G","G/G","G/G","G/G","G/G","G/G","G/G","G/G","G/G","G/G","G/G","G/G","G/G","G/G","G/G","G/G","G/G","G/G","G/G","G/G","G/G","G/G","G/G","G/G","G/G","G/G","G/G","G/G","G/G","G/G","G/G","G/G","-/-","G/G","G/G","G/G","G/G","G/G","G/G","G/G","G/G","G/G","G/G","G/G","G/G","G/G","G/G","G/G","G/G","G/G","G/G","G/G","G/G","G/G","G/G","G/G","G/G","G/G","G/G","G/G","G/G","G/G","G/G","G/G","G/G","G/G","G/G","G/G","G/G","G/G","G/G","G/G","G/G","G/G","G/G","G/G","G/G","G/G","G/G","G/G","G/G","G/G","G/G","G/G","G/G","G/G","G/G","G/G","G/G","G/G","G/G","G/G","G/G","G/G","G/G","G/G","G/G","G/G","G/G","G/G","G/G","G/G","G/G","G/G","G/G","G/G","G/G","G/G","G/G","G/G","G/G","G/G","G/G","G/G","G/G","G/G","G/G","G/G","G/G","G/G","G/G","G/G","G/G","G/G","G/G","G/G","G/G","G/G","G/G","A/G","G/G","G/G","G/G","G/G","G/G","G/G","G/G","G/G","G/G","G/G","G/G","G/G","G/G","G/G","G/G","G/G","G/G","G/G","G/G","G/G","G/G","G/G","G/G","G/G","G/G","-/-","G/G","G/G","G/G","G/G","G/G","G/G","G/G","G/G","G/G","G/G","A/G","G/G","G/G","G/G","G/G","G/G","G/G","G/G","G/G","G/G","G/G","G/G","G/G","G/G","G/G","G/G","G/G","G/G","-/-","G/G","G/G","G/G","G/G","G/G","G/G","G/G","-/-","G/G","G/G","G/G","G/G","G/G","G/G","G/G","G/G","G/G","G/G","G/G","G/G","G/G","G/G","G/G","G/G","G/G","G/G","G/G","G/G","G/G","G/G","G/G","G/G","G/G","G/G","G/G","G/G","G/G","G/G","G/G","G/G","G/G","G/G","G/G","G/G","G/G","G/G","G/G","G/G","G/G","G/G","G/G","G/G","G/G","G/G","-/-","G/G","G/G","G/G","G/G","G/G","G/G","G/G","G/G","G/G","G/G","G/G","G/G","G/G","G/G","G/G","G/G","G/G","G/G","G/G","G/G","G/G","G/G","G/G","G/G","G/G","G/G","G/G","G/G","G/G","A/G","G/G","G/G","G/G","G/G","G/G","G/G","G/G","G/G","G/G","G/G","G/G","G/G","G/G","G/G","G/G","G/G","G/G","G/G","G/G","G/G","G/G","G/G","G/G","G/G","G/G","G/G","G/G","G/G","G/G","G/G","G/G","G/G","G/G","G/G","-/-","G/G","G/G","G/G","G/G","-/-","G/G","G/G","-/-","G/G","G/G","-/-","-/-","G/G","G/G","G/G","G/G","G/G"
"782","PZB00093.6","4","122796096","G/G","G/G","G/G","G/G","G/G","G/T","G/G","G/G","G/G","G/G","G/G","G/G","G/G","G/G","G/G","G/G","G/G","G/G","G/G","G/G","G/G","G/G","G/G","G/G","G/G","G/G","G/G","G/G","G/G","-/-","G/G","-/-","G/G","G/G","G/G","G/G","G/G","-/-","G/G","G/G","G/G","-/-","G/G","G/T","G/G","G/T","G/G","G/G","G/G","G/G","G/G","G/G","G/T","G/G","-/-","-/-","G/G","G/G","G/G","G/T","G/G","G/T","G/G","T/T","-/-","G/G","G/G","G/G","G/G","G/G","G/G","G/G","G/G","G/T","G/G","G/G","G/G","G/G","G/T","-/-","G/G","G/G","G/G","G/T","G/T","G/T","G/G","G/G","G/G","G/G","G/G","G/G","-/-","G/G","G/G","G/G","G/G","G/G","G/G","-/-","G/G","G/G","G/G","G/G","-/-","G/G","G/G","G/G","G/G","-/-","G/G","G/G","G/G","G/G","G/G","G/T","G/G","G/G","-/-","G/G","G/G","G/G","G/G","G/G","G/G","G/G","G/G","G/G","-/-","G/G","-/-","G/G","G/G","G/G","G/G","G/G","G/G","G/G","G/G","G/G","G/G","G/G","G/G","G/G","G/G","G/G","G/G","G/G","G/G","G/G","G/G","G/G","G/G","G/G","G/G","G/G","G/G","G/G","G/G","G/G","-/-","G/G","G/T","G/T","G/G","G/G","G/G","G/G","G/G","G/G","G/G","G/T","G/G","G/G","G/G","G/T","G/G","G/G","G/G","G/T","G/G","G/T","G/G","G/G","G/G","G/G","G/G","G/G","G/G","G/G","G/G","G/T","G/G","G/G","G/G","G/G","G/G","G/G","G/G","G/G","G/G","G/G","-/-","G/G","G/T","G/G","-/-","G/G","G/G","G/G","-/-","-/-","G/G","G/G","G/G","G/G","G/G","G/G","G/G","G/G","G/G","G/G","G/G","G/G","G/G","G/G","G/G","G/G","G/G","G/G","G/G","G/G","G/G","G/G","G/G","G/G","G/G","-/-","G/G","G/G","G/G","G/G","G/G","G/G","G/G","G/G","G/G","G/G","G/G","G/G","G/G","G/T","G/G","G/G","G/T","G/G","G/G","G/G","G/G","G/G","G/G","G/G","G/T","G/G","G/G","G/G","G/G","-/-","-/-","G/G","G/G","G/G","G/G","G/G","G/G","G/G","G/G","G/G","G/G","G/G","G/G","G/G","-/-","G/G","G/G","G/G","G/G","G/G","G/G","G/G","G/G","G/G","G/G","G/G","G/G","G/G","G/G","G/G","G/G","-/-","G/G","G/G","G/G","G/G","G/G","G/G","-/-","G/G","G/G","G/G","G/T","G/G","G/G","G/G","G/G","G/G","G/G","G/G","G/G","G/G","G/G","G/G","G/G","G/G","-/-","-/-","G/G","G/T","G/G","G/G","G/G","G/G","G/G","G/T","G/G","G/G","G/T","G/T","G/T","G/G","-/-","G/G","G/G","G/G","G/T","G/T","G/G","G/T","G/T","G/T","G/G","G/G","G/G","G/G","G/G","G/G","G/G","G/G","G/G","G/G","G/G","-/-","-/-","G/G","G/G","G/G","G/T","G/G","-/-","G/G","G/G","G/G","G/G","G/G","G/G","G/G","G/G","G/G","G/G","G/T","G/G","G/G","-/-","G/G","G/G","G/G","G/G","-/-","G/G","G/G","G/G","-/-","G/G","G/G","G/G","-/-","G/G","G/G","G/G","G/G","G/G","G/G","G/G","G/G","-/-","G/G","G/G","G/G","G/G","G/G","G/G","G/G","G/G","G/G","G/G","G/G","G/G","G/G","G/G","G/G","-/-","G/G","G/G","G/G","G/G","G/G","G/G","G/G","G/G","G/G","G/G","G/G","G/G","G/G","G/G","G/G","G/G","G/G","G/G","G/G","G/G","G/G","G/G","G/G","G/G","G/G","G/G","G/G","G/G","G/G","G/G","G/G","G/G","G/T","G/G","G/G","G/G","G/G","G/G","G/G","G/G","G/G","G/G","G/G","G/G","G/G","G/G","G/G","G/G","-/-","G/G","G/G","G/G","G/G","G/G","G/G","-/-","G/G","G/G","G/G","G/G","G/G","G/G","G/G","-/-","G/G","G/G","G/G","G/G","G/G","G/G","G/G","G/G","G/G","G/G","G/G","G/G","G/G","G/G","G/G","G/G","G/G","G/G","G/G","G/G","G/G","G/G","G/G","G/G","G/G","G/G","G/G","G/T","G/G","G/G","G/G","G/G","G/G","G/G","G/G","G/G","G/G","-/-","G/G","-/-","G/G","-/-","G/G","G/G","G/G","G/G","G/G","G/G","G/G","G/G","G/G","G/G","G/G","G/G","G/T","G/G","G/G","-/-","G/G","G/G","G/G","G/G","G/G","-/-","-/-","G/G","G/G","G/G","G/G","G/G","G/G","G/G","G/G","G/G","-/-","G/G","G/G","G/G","G/G","G/G","G/G","G/G","G/G","G/G","-/-","G/G","G/G","G/G","G/G","G/G","G/G","G/G","G/G","G/G","G/G","G/G","G/G","G/G","G/G","G/G","G/G","G/G","G/G","G/G","G/G","G/G","G/G","G/G","-/-","G/G","G/G","G/G","G/G","G/G","G/G","G/G","-/-","G/G","G/G","G/G","G/G","G/G","G/G","G/G","G/G","-/-","G/G","G/G","-/-","G/G","G/G","G/G","G/G","G/G","G/G","G/G","G/G","G/G","G/G","G/G","G/G","G/G","G/G","G/G","G/T","G/G","G/G","G/G","G/G","G/G","G/G","G/T","G/G","-/-","G/G","G/G","G/G","G/G","G/G","G/G","G/G","G/G","G/G","G/G","G/G","G/G","G/G","G/G","G/G","G/G","G/G","G/G","G/G","-/-","G/G","G/G","G/G","G/G","G/G","G/G","G/G","G/G","G/G","G/G","G/G","G/G","-/-","G/G","-/-","G/G","G/G","G/G","G/G","G/G","G/G","G/G","G/G","G/G","G/G","G/G","G/G","G/G","G/G","G/G","G/G","G/G","G/G","G/T","G/G","G/G","-/-","G/G","G/G","G/G","G/G","G/G","G/G","-/-","G/T","G/G","G/G","G/G","G/G","G/G","G/T","G/G","G/G","-/-","G/G","G/G","G/G","G/G","G/G","G/G","G/G","G/G","G/G","G/G","-/-","G/G","G/G","G/G","G/G","G/G","G/G","G/G","G/G","G/G","G/G","G/G","G/G","G/G","G/G","G/G","G/G","-/-","G/G","G/G","-/-","G/G","G/G","G/G","G/G","-/-","G/G","G/G","G/G","G/G","G/G","G/G","-/-","G/G","G/G","G/G","G/G","G/G","G/G","G/G","G/G","G/G","-/-","-/-","G/G","G/G","G/G","G/G","G/G","G/G","G/G","G/G","-/-","G/G","G/G","G/G","G/G","G/G","G/G","G/G","G/G","G/G","G/G","G/G","G/G","G/T","G/G","G/G","G/G","T/T","G/G","G/G","G/G","G/G","G/G","G/G","G/G","G/G","G/G","G/G","G/G","G/G","G/G","-/-","G/G","-/-","G/G","G/G","G/G","G/G","G/G","G/G","G/G","G/G","G/G","G/G","G/T","G/G","G/G","G/G","G/G","G/G","G/G","G/G","G/G","G/G","G/G","G/G","G/G","G/G","G/G","G/G","G/G","G/G","G/G","G/G","G/G","G/G","G/T","G/G","G/G","-/-","G/G","G/G","-/-","G/G","G/G","G/G","-/-","G/G","G/G","G/G","G/G","G/G","-/-","-/-","G/G","G/G","G/G","G/G","G/G","G/T","G/G","G/G","G/G","G/G","G/G","G/G","G/G","T/T","G/G","G/G","G/G","G/G","G/G","-/-","G/G","G/G","G/G","G/G","G/G","G/G","G/G","-/-","G/G","G/T","G/G","G/G","G/G","G/G","-/-","G/G","G/G","G/G","-/-","G/G","G/G","G/G","G/G","G/G","G/T","G/G","G/G","G/G","G/G","G/G","G/G","G/G","G/G","G/G","G/G","G/G","G/G","G/G","G/G","G/G","G/G","G/G","G/G","G/G","G/G","G/G","G/G","G/G","G/G","G/G","G/G","G/G","G/G","G/G","G/G","T/T","T/T","T/T","G/G","G/G","G/G","G/G","G/G","G/G","G/G","G/G","G/G","G/G","G/G","G/G","G/G","G/G","G/G","G/G","G/G","G/G","G/G","G/G","G/G","G/G","G/G","G/G","G/G","G/G","G/G","G/G","G/G","G/G","G/G","G/G","G/G","G/G","G/G","G/G","G/G","G/G"
"792","PZB00153.3","4","122795421","G/G","G/G","G/G","G/G","G/G","A/G","G/G","G/G","G/G","G/G","G/G","G/G","G/G","G/G","G/G","G/G","G/G","G/G","G/G","G/G","G/G","G/G","G/G","G/G","G/G","G/G","G/G","G/G","G/G","G/G","G/G","G/G","G/G","G/G","G/G","G/G","G/G","G/G","G/G","G/G","G/G","G/G","G/G","A/G","G/G","A/G","G/G","G/G","G/G","G/G","G/G","G/G","G/G","G/G","-/-","G/G","G/G","G/G","G/G","A/G","G/G","A/G","G/G","A/A","G/G","G/G","G/G","G/G","G/G","G/G","G/G","G/G","G/G","A/G","G/G","G/G","G/G","G/G","A/G","G/G","G/G","G/G","G/G","A/G","A/G","A/G","G/G","G/G","G/G","G/G","G/G","G/G","G/G","G/G","G/G","G/G","G/G","G/G","G/G","G/G","G/G","G/G","G/G","G/G","G/G","G/G","G/G","G/G","G/G","G/G","G/G","-/-","G/G","G/G","G/G","A/G","G/G","G/G","G/G","G/G","G/G","G/G","G/G","G/G","G/G","G/G","G/G","G/G","G/G","G/G","G/G","G/G","G/G","G/G","G/G","G/G","G/G","G/G","G/G","G/G","G/G","G/G","G/G","G/G","G/G","G/G","G/G","G/G","G/G","G/G","G/G","G/G","G/G","G/G","G/G","G/G","G/G","G/G","G/G","G/G","G/G","G/G","A/G","A/G","G/G","G/G","G/G","G/G","G/G","G/G","G/G","A/G","G/G","G/G","G/G","A/G","G/G","G/G","G/G","A/G","G/G","A/G","G/G","G/G","G/G","G/G","G/G","G/G","G/G","G/G","G/G","A/G","G/G","G/G","G/G","G/G","G/G","G/G","G/G","G/G","-/-","G/G","G/G","G/G","A/G","G/G","G/G","G/G","G/G","G/G","G/G","G/G","G/G","G/G","G/G","G/G","G/G","G/G","G/G","G/G","G/G","G/G","G/G","G/G","G/G","G/G","G/G","G/G","G/G","G/G","G/G","G/G","G/G","G/G","G/G","G/G","-/-","G/G","G/G","G/G","G/G","G/G","G/G","G/G","G/G","G/G","G/G","G/G","G/G","G/G","G/G","A/G","G/G","G/G","A/G","G/G","G/G","G/G","G/G","G/G","G/G","G/G","A/G","G/G","G/G","G/G","G/G","G/G","G/G","G/G","G/G","G/G","G/G","G/G","G/G","G/G","G/G","G/G","G/G","G/G","G/G","G/G","G/G","G/G","G/G","G/G","G/G","G/G","G/G","G/G","G/G","G/G","G/G","G/G","G/G","G/G","G/G","G/G","G/G","G/G","G/G","G/G","G/G","G/G","G/G","G/G","G/G","G/G","G/G","G/G","A/G","-/-","G/G","G/G","G/G","G/G","G/G","G/G","G/G","G/G","G/G","G/G","G/G","G/G","G/G","G/G","G/G","A/G","G/G","G/G","G/G","G/G","G/G","A/G","G/G","G/G","A/G","A/G","G/G","G/G","G/G","G/G","G/G","G/G","A/G","G/G","G/G","A/G","A/G","A/G","G/G","G/G","G/G","G/G","G/G","G/G","G/G","G/G","G/G","G/G","G/G","G/G","G/G","G/G","G/G","G/G","A/G","G/G","G/G","G/G","G/G","G/G","G/G","G/G","G/G","G/G","G/G","G/G","G/G","A/G","G/G","G/G","-/-","G/G","G/G","G/G","G/G","G/G","G/G","G/G","G/G","G/G","G/G","G/G","G/G","-/-","G/G","G/G","G/G","G/G","G/G","G/G","G/G","G/G","G/G","G/G","G/G","G/G","G/G","G/G","G/G","G/G","G/G","G/G","G/G","G/G","G/G","G/G","G/G","G/G","G/G","G/G","G/G","G/G","G/G","G/G","G/G","G/G","G/G","G/G","G/G","G/G","G/G","G/G","G/G","G/G","G/G","G/G","G/G","G/G","G/G","G/G","G/G","G/G","G/G","G/G","G/G","G/G","G/G","G/G","G/G","G/G","G/G","G/G","G/G","G/G","G/G","G/G","G/G","G/G","G/G","G/G","G/G","G/G","G/G","G/G","G/G","G/G","G/G","G/G","G/G","G/G","-/-","G/G","G/G","G/G","G/G","G/G","G/G","G/G","G/G","G/G","G/G","G/G","G/G","G/G","G/G","G/G","G/G","G/G","G/G","G/G","G/G","G/G","G/G","G/G","G/G","G/G","-/-","G/G","G/G","G/G","-/-","G/G","G/G","G/G","G/G","G/G","G/G","G/G","G/G","G/G","A/G","G/G","G/G","G/G","G/G","G/G","G/G","G/G","G/G","G/G","G/G","G/G","G/G","G/G","G/G","G/G","G/G","G/G","G/G","G/G","G/G","G/G","G/G","G/G","G/G","G/G","G/G","G/G","G/G","G/G","A/G","G/G","G/G","G/G","G/G","G/G","G/G","G/G","G/G","G/G","G/G","G/G","G/G","G/G","G/G","G/G","G/G","G/G","G/G","G/G","G/G","G/G","G/G","G/G","G/G","G/G","G/G","G/G","G/G","G/G","G/G","G/G","G/G","G/G","G/G","G/G","G/G","G/G","G/G","G/G","G/G","G/G","G/G","G/G","G/G","G/G","G/G","G/G","G/G","G/G","G/G","G/G","G/G","G/G","G/G","G/G","G/G","G/G","G/G","G/G","G/G","G/G","G/G","G/G","G/G","G/G","G/G","G/G","G/G","G/G","G/G","G/G","G/G","G/G","G/G","G/G","G/G","G/G","G/G","G/G","-/-","G/G","G/G","G/G","G/G","G/G","G/G","A/G","G/G","G/G","G/G","G/G","G/G","G/G","G/G","G/G","G/G","G/G","G/G","G/G","G/G","G/G","G/G","G/G","G/G","G/G","G/G","G/G","G/G","G/G","G/G","G/G","G/G","G/G","G/G","G/G","G/G","G/G","G/G","G/G","G/G","G/G","G/G","G/G","G/G","G/G","G/G","G/G","G/G","G/G","G/G","G/G","G/G","G/G","G/G","G/G","G/G","G/G","G/G","G/G","G/G","G/G","G/G","G/G","G/G","G/G","G/G","G/G","G/G","G/G","A/G","G/G","G/G","G/G","G/G","G/G","G/G","G/G","G/G","G/G","G/G","A/G","G/G","G/G","G/G","G/G","G/G","A/G","G/G","G/G","G/G","G/G","G/G","G/G","G/G","G/G","G/G","G/G","G/G","G/G","G/G","G/G","G/G","G/G","-/-","-/-","G/G","G/G","G/G","G/G","G/G","G/G","G/G","G/G","G/G","G/G","G/G","G/G","G/G","G/G","G/G","G/G","G/G","G/G","G/G","G/G","G/G","G/G","G/G","G/G","G/G","G/G","G/G","G/G","G/G","G/G","G/G","G/G","G/G","G/G","G/G","G/G","G/G","G/G","G/G","G/G","G/G","G/G","G/G","G/G","G/G","-/-","G/G","A/G","G/G","G/G","G/G","G/G","G/G","G/G","G/G","G/G","G/G","G/G","G/G","G/G","A/G","G/G","G/G","G/G","-/-","G/G","G/G","G/G","A/G","G/G","G/G","G/G","G/G","G/G","G/G","G/G","G/G","G/G","G/G","-/-","G/G","G/G","G/G","G/G","G/G","G/G","G/G","G/G","G/G","G/G","G/G","A/G","G/G","G/G","G/G","G/G","G/G","G/G","G/G","G/G","G/G","G/G","G/G","G/G","G/G","G/G","G/G","G/G","G/G","G/G","A/G","G/G","G/G","A/G","G/G","G/G","A/G","G/G","G/G","G/G","G/G","G/G","G/G","G/G","G/G","G/G","G/G","G/G","G/G","-/-","G/G","G/G","G/G","G/G","G/G","G/G","A/G","G/G","G/G","-/-","G/G","G/G","G/G","G/G","A/G","G/G","G/G","G/G","G/G","G/G","G/G","G/G","G/G","G/G","-/-","G/G","G/G","G/G","G/G","G/G","A/G","G/G","G/G","G/G","G/G","G/G","G/G","G/G","G/G","G/G","G/G","G/G","G/G","G/G","G/G","A/G","G/G","G/G","G/G","G/G","G/G","G/G","G/G","G/G","G/G","G/G","G/G","G/G","G/G","G/G","G/G","G/G","G/G","G/G","G/G","G/G","G/G","G/G","G/G","G/G","G/G","G/G","G/G","G/G","G/G","G/G","A/A","A/A","A/A","G/G","G/G","G/G","G/G","G/G","G/G","G/G","G/G","G/G","G/G","G/G","G/G","G/G","G/G","G/G","G/G","G/G","G/G","G/G","G/G","G/G","G/G","G/G","G/G","G/G","G/G","G/G","G/G","G/G","G/G","G/G","G/G","G/G","G/G","G/G","G/G","G/G","G/G"
"790","PZB00153.1","4","122795391","T/T","C/T","T/T","-/-","T/T","T/T","T/T","T/T","T/T","T/T","T/T","T/T","C/C","T/T","T/T","T/T","T/T","C/T","T/T","T/T","T/T","T/T","T/T","T/T","C/T","C/T","C/T","T/T","T/T","C/T","C/T","C/T","T/T","T/T","C/C","C/T","C/T","C/T","C/T","T/T","C/T","T/T","C/T","T/T","C/C","T/T","C/C","T/T","T/T","C/T","C/T","T/T","T/T","T/T","T/T","C/T","C/T","T/T","T/T","T/T","T/T","-/-","-/-","T/T","C/T","T/T","T/T","C/C","C/T","C/C","C/T","T/T","C/T","T/T","T/T","C/T","C/T","T/T","T/T","T/T","T/T","C/T","T/T","T/T","T/T","T/T","C/T","T/T","T/T","C/T","T/T","T/T","T/T","T/T","T/T","T/T","T/T","T/T","T/T","T/T","T/T","T/T","T/T","T/T","T/T","T/T","T/T","T/T","C/T","T/T","T/T","T/T","T/T","C/T","T/T","-/-","C/C","C/C","C/T","C/T","C/T","C/C","C/T","T/T","T/T","T/T","T/T","C/T","T/T","C/T","T/T","C/C","C/T","T/T","T/T","T/T","C/T","T/T","C/C","T/T","T/T","C/T","T/T","T/T","T/T","T/T","T/T","T/T","T/T","C/T","T/T","T/T","-/-","C/C","-/-","C/T","C/T","C/T","T/T","C/T","T/T","C/T","T/T","C/T","T/T","T/T","T/T","T/T","T/T","T/T","C/T","T/T","T/T","C/T","C/T","T/T","T/T","T/T","T/T","T/T","C/T","T/T","T/T","T/T","T/T","T/T","T/T","C/T","C/C","C/C","T/T","T/T","C/T","C/T","T/T","T/T","T/T","-/-","T/T","C/C","T/T","T/T","-/-","C/T","T/T","C/T","C/T","C/T","C/T","C/T","T/T","T/T","T/T","C/T","T/T","T/T","C/T","C/C","C/T","C/T","C/T","C/C","C/T","T/T","T/T","C/C","C/T","C/T","C/T","T/T","T/T","C/T","C/T","C/T","T/T","C/T","C/T","C/T","C/T","-/-","C/C","C/T","C/C","C/C","C/C","C/T","C/C","C/T","C/T","-/-","C/T","T/T","T/T","C/T","C/T","T/T","T/T","C/T","C/C","-/-","C/C","C/T","C/T","C/C","C/C","T/T","C/T","T/T","T/T","C/C","C/C","T/T","C/C","C/T","C/C","C/C","C/T","T/T","C/C","-/-","C/T","C/C","C/C","C/C","C/T","C/T","C/C","C/C","-/-","-/-","C/T","C/T","C/T","T/T","C/T","C/T","C/C","C/T","C/T","C/C","-/-","C/T","T/T","C/T","-/-","C/T","C/C","C/T","T/T","T/T","T/T","-/-","C/T","T/T","C/T","C/T","T/T","T/T","C/T","T/T","C/C","C/T","C/T","C/T","T/T","T/T","C/T","T/T","C/T","T/T","T/T","C/T","T/T","T/T","C/C","C/C","T/T","T/T","C/C","T/T","C/C","C/C","C/T","C/T","C/T","C/T","C/T","T/T","T/T","C/T","T/T","C/T","C/C","C/T","-/-","T/T","T/T","C/T","C/C","C/T","C/T","C/T","-/-","C/T","C/C","C/C","-/-","C/T","C/C","C/T","T/T","C/C","C/T","C/C","C/T","C/T","C/T","C/T","C/T","C/T","T/T","C/T","T/T","C/T","C/T","C/C","C/T","C/C","T/T","C/T","C/T","T/T","C/C","C/T","C/T","C/T","C/T","C/C","T/T","C/T","C/T","C/T","T/T","C/C","C/C","-/-","C/T","C/C","C/C","T/T","C/C","C/T","C/C","C/C","C/C","C/T","C/T","T/T","C/T","-/-","C/C","T/T","T/T","C/T","C/C","C/C","C/C","T/T","C/T","C/T","C/T","C/T","C/T","C/T","C/T","-/-","C/T","C/T","C/T","C/T","C/T","C/C","C/T","C/T","T/T","C/C","C/T","C/T","C/T","C/T","C/T","C/T","-/-","T/T","C/T","C/T","T/T","C/T","C/T","T/T","C/T","T/T","C/T","C/T","C/C","C/T","T/T","T/T","T/T","C/T","T/T","C/T","C/T","T/T","C/T","C/T","C/T","T/T","T/T","T/T","T/T","T/T","C/T","T/T","T/T","T/T","C/T","C/T","T/T","C/C","C/C","C/T","C/C","C/T","C/T","C/C","C/T","T/T","C/T","T/T","C/C","C/T","T/T","C/T","-/-","C/C","C/T","C/T","C/T","C/T","C/C","T/T","C/T","C/T","C/T","C/T","T/T","C/T","T/T","C/T","C/C","T/T","C/T","C/C","C/T","C/T","C/T","C/T","C/T","C/T","T/T","T/T","C/T","T/T","-/-","C/T","-/-","C/T","C/T","C/T","-/-","C/C","C/T","C/T","T/T","C/C","C/T","T/T","T/T","C/T","T/T","C/T","C/C","C/T","-/-","C/C","C/T","C/C","C/C","C/C","C/C","C/T","-/-","C/C","-/-","C/C","-/-","-/-","C/T","-/-","C/C","C/C","C/T","-/-","-/-","-/-","C/C","C/C","T/T","T/T","C/T","C/T","T/T","C/T","C/T","T/T","T/T","T/T","C/T","T/T","C/T","T/T","T/T","C/C","T/T","C/C","T/T","C/C","T/T","C/T","C/T","T/T","T/T","C/T","T/T","T/T","T/T","T/T","C/T","T/T","T/T","-/-","C/T","C/T","C/T","T/T","C/T","T/T","T/T","C/C","T/T","T/T","C/T","C/T","C/C","C/T","T/T","C/C","T/T","C/T","T/T","T/T","T/T","T/T","T/T","T/T","C/T","C/T","C/T","C/T","T/T","C/T","C/T","T/T","C/T","C/T","C/C","C/C","C/T","C/T","C/C","T/T","-/-","C/T","T/T","-/-","C/T","T/T","T/T","C/T","C/T","T/T","T/T","T/T","C/T","C/T","C/T","T/T","C/T","C/T","T/T","-/-","-/-","C/T","T/T","C/T","C/T","C/T","C/T","T/T","T/T","C/C","C/T","C/T","T/T","T/T","C/T","C/T","T/T","C/T","T/T","T/T","T/T","C/T","C/T","C/C","C/T","C/T","C/T","T/T","T/T","C/T","C/T","T/T","T/T","C/T","T/T","C/C","T/T","C/T","T/T","T/T","T/T","C/T","T/T","T/T","T/T","T/T","T/T","T/T","T/T","T/T","-/-","T/T","T/T","C/T","C/C","T/T","T/T","C/T","C/T","T/T","T/T","C/T","C/T","C/T","C/T","-/-","T/T","C/T","C/T","C/T","T/T","C/T","T/T","-/-","C/T","T/T","T/T","-/-","C/T","C/T","-/-","C/C","T/T","C/T","C/C","T/T","-/-","C/T","T/T","T/T","C/T","T/T","C/C","C/T","T/T","T/T","C/T","C/T","T/T","C/T","C/T","T/T","T/T","C/T","T/T","T/T","T/T","T/T","T/T","T/T","T/T","C/T","-/-","C/T","C/C","C/C","T/T","C/T","C/T","T/T","T/T","C/T","C/C","C/T","C/T","C/T","C/T","-/-","T/T","C/T","T/T","C/T","C/T","C/T","-/-","C/T","T/T","C/C","C/T","-/-","-/-","-/-","C/T","C/T","T/T","T/T","C/T","T/T","-/-","C/C","C/C","-/-","C/T","C/T","C/C","C/T","C/T","C/C","C/C","C/C","C/T","C/C","C/T","C/T","C/C","C/T","C/T","C/T","C/T","C/T","-/-","C/T","C/T","C/T","C/T","C/T","C/T","C/T","C/C","C/C","-/-","C/T","C/C","T/T","C/C","C/C","C/C","C/C","C/T","C/C","T/T","C/C","C/T","T/T","T/T","C/C","C/T","C/T","C/C","C/C","C/T","C/T","C/T","T/T","T/T","C/T","T/T","C/T","T/T","T/T","-/-","T/T","T/T","C/T","T/T","C/C","-/-","T/T","T/T","T/T","T/T","T/T","C/T","T/T","T/T","C/C","-/-","T/T","T/T","T/T","C/T","T/T","C/T","T/T","C/T","C/T","C/C","C/T","C/T","C/T","T/T","T/T","T/T","T/T","T/T","T/T","T/T","T/T","T/T","T/T","T/T","T/T","T/T","T/T","T/T","T/T","T/T","T/T","T/T","T/T","T/T","T/T","T/T","T/T","T/T","C/C","C/T","T/T","T/T","T/T","T/T","T/T","C/C","C/C","C/C","C/C","C/C","T/T","T/T","T/T","T/T","T/T","T/T","T/T","T/T","T/T","T/T","C/C","C/C","C/C","T/T","T/T","T/T","T/T","T/T","T/T","T/T","T/T","C/C","C/C","T/T","T/T","T/T"
"791","PZB00153.2","4","122795343","C/C","C/C","C/C","C/C","C/C","C/C","C/C","C/C","C/C","C/C","C/C","C/C","C/C","C/C","C/C","C/C","C/C","-/-","C/C","C/C","C/C","C/C","C/C","C/C","C/C","C/C","C/C","C/C","C/C","C/C","C/C","C/C","C/C","C/C","C/C","C/C","C/C","C/C","C/C","C/C","C/C","C/C","C/C","C/C","C/C","C/C","C/C","C/C","C/C","C/C","C/C","C/C","C/C","C/C","C/C","C/C","C/C","C/C","C/C","C/C","C/C","C/C","C/C","C/C","C/C","C/C","C/C","C/C","C/C","C/C","C/C","C/C","C/C","C/C","C/C","C/C","C/C","C/C","C/C","C/C","C/C","C/C","C/C","C/C","C/C","C/C","C/C","C/C","C/C","C/C","C/C","C/C","C/C","C/C","C/C","C/C","C/C","C/C","C/C","C/C","C/C","C/C","C/C","C/C","C/C","C/C","C/C","C/C","C/C","C/C","C/C","C/C","C/C","C/C","C/C","C/C","C/C","C/C","C/C","C/C","C/C","C/C","C/C","C/C","C/C","C/C","C/C","C/C","C/C","C/C","C/C","C/C","C/C","C/C","C/C","C/C","C/C","C/C","C/C","C/C","C/C","C/C","C/C","C/C","C/C","C/C","C/C","C/C","C/C","C/C","C/C","C/C","C/C","C/C","C/C","C/C","C/C","C/C","C/C","C/C","C/C","C/C","C/C","C/C","C/C","C/C","C/C","C/C","C/C","C/C","C/C","C/C","C/C","C/C","C/C","C/C","C/C","C/C","C/C","C/C","C/C","C/C","C/C","C/C","C/C","C/C","C/C","C/C","C/C","C/C","C/C","C/C","C/C","C/C","C/C","C/C","C/C","C/C","C/C","C/C","-/-","C/C","C/C","C/C","C/C","C/C","C/C","C/C","C/C","C/C","C/C","C/C","C/C","C/C","C/C","C/C","C/C","C/C","C/C","C/C","C/C","C/C","C/C","C/C","C/C","C/C","C/C","C/C","C/C","C/C","C/C","C/C","C/C","C/C","C/C","-/-","C/C","C/C","C/C","C/C","C/C","C/C","C/C","C/C","C/C","C/C","C/C","C/C","C/C","C/C","C/C","C/C","C/C","C/C","C/C","C/C","C/C","C/C","C/C","C/C","C/C","C/C","C/C","C/C","C/C","C/C","C/C","C/C","C/C","C/C","C/C","C/C","C/C","C/C","C/C","C/C","C/C","C/C","C/C","C/C","C/C","C/C","C/C","C/C","C/C","C/C","C/C","C/C","C/C","C/C","C/C","C/C","C/C","C/C","C/C","C/C","C/C","C/C","C/C","C/C","C/C","C/C","C/C","C/C","C/C","C/C","C/C","C/C","C/C","C/C","C/C","C/C","C/C","C/C","-/-","-/-","C/T","C/C","C/C","C/C","C/C","C/C","C/C","C/C","C/C","C/C","C/C","C/C","C/C","C/C","C/C","C/C","C/C","C/C","C/C","C/C","C/C","C/C","C/C","C/C","C/C","C/C","C/C","C/C","C/C","C/C","C/C","C/C","C/C","C/C","C/C","C/C","C/C","C/C","C/C","C/C","C/C","C/C","-/-","C/C","C/C","C/C","C/C","C/C","C/C","C/C","C/C","C/C","C/C","C/C","C/C","C/C","C/C","C/C","C/C","C/C","C/C","C/C","C/C","C/C","C/C","C/C","C/C","C/C","C/C","C/C","C/C","C/C","C/C","C/C","C/C","C/C","C/C","C/C","C/C","C/C","C/C","C/C","C/C","C/C","C/C","C/C","C/C","C/C","C/C","C/C","C/C","C/C","C/C","C/C","C/C","C/C","C/C","C/C","C/C","C/C","C/C","C/C","C/C","C/C","C/C","C/C","C/C","C/C","C/C","C/C","C/C","C/C","C/C","C/C","C/C","C/C","C/C","C/C","C/C","C/C","C/C","C/C","C/C","C/C","C/C","C/C","C/C","C/C","C/C","C/C","C/C","C/C","C/C","C/C","C/C","C/C","C/C","C/C","C/C","C/C","C/C","C/C","C/C","C/C","C/C","C/C","C/C","C/C","-/-","C/C","C/C","C/C","C/C","C/C","C/C","C/C","C/C","C/C","C/C","C/C","C/C","C/C","C/C","C/C","C/C","C/C","C/C","C/C","C/C","C/C","C/C","C/C","C/C","C/C","C/C","C/C","-/-","C/C","C/C","C/C","C/C","C/C","C/C","C/C","C/C","C/C","C/C","C/C","C/C","C/C","C/C","C/C","C/C","C/C","C/C","C/C","C/C","C/C","C/C","C/C","C/C","C/C","C/C","C/C","C/C","C/C","C/C","C/C","C/C","C/C","C/C","C/C","C/C","C/C","C/C","C/C","C/C","C/C","C/C","C/C","C/C","C/C","C/C","C/C","C/C","C/C","C/C","C/C","C/C","C/C","C/C","C/C","C/C","C/C","C/C","C/C","C/C","C/C","C/C","C/C","C/C","C/C","C/C","C/C","C/C","C/C","C/C","C/C","C/C","C/C","C/C","-/-","C/C","C/C","C/C","C/C","C/C","C/C","C/C","C/C","C/C","C/C","C/C","C/C","C/C","C/C","C/C","C/C","C/C","C/C","C/C","C/C","C/C","C/C","C/C","C/C","C/C","C/C","-/-","C/C","C/C","C/C","C/C","C/C","C/C","C/C","C/C","C/C","C/C","C/C","C/C","C/C","C/C","C/C","C/C","C/C","C/C","C/C","C/C","C/C","C/C","C/C","C/C","C/C","C/C","C/C","C/C","-/-","C/C","C/C","C/C","C/C","C/C","C/C","C/C","C/C","C/C","C/C","C/C","C/C","C/C","C/C","C/C","C/C","C/C","C/C","C/C","C/C","C/C","C/C","C/C","C/C","C/C","C/C","C/C","C/C","C/C","C/C","C/C","C/C","C/C","-/-","C/C","C/C","-/-","C/C","C/C","C/C","C/C","C/C","C/C","C/C","C/C","C/C","C/C","C/C","C/C","C/C","C/C","C/C","C/C","C/C","C/C","C/C","C/C","C/C","C/C","C/C","C/C","C/C","-/-","C/C","C/C","C/C","C/C","C/C","C/C","C/C","C/C","C/C","C/C","C/C","C/C","C/C","C/C","C/C","C/C","C/C","C/C","C/C","C/C","C/C","C/C","C/C","C/C","-/-","C/C","C/C","C/C","C/C","C/C","C/C","C/C","C/C","C/C","C/C","C/C","C/C","C/C","C/C","C/C","C/C","C/C","C/C","C/C","C/C","C/C","C/C","C/C","C/C","C/C","C/C","C/C","C/C","C/C","C/C","C/C","C/C","C/C","C/C","C/C","C/C","C/T","C/C","C/C","C/C","C/C","C/C","C/C","C/C","C/C","C/C","C/C","C/C","C/C","C/C","C/C","C/C","C/C","C/C","C/C","C/T","C/C","C/C","C/C","C/C","C/C","C/C","C/C","C/C","C/T","C/C","C/C","C/T","C/T","C/C","C/C","C/C","C/C","C/C","C/C","C/C","C/C","C/C","C/C","C/C","C/C","C/C","C/C","C/C","C/C","C/C","C/T","C/C","C/C","C/C","C/C","C/C","C/C","C/C","C/C","C/C","-/-","C/C","C/C","C/C","C/C","C/C","C/C","C/C","C/C","C/C","C/C","C/C","C/C","C/C","C/C","C/C","C/C","C/C","C/C","C/C","C/C","C/C","C/C","C/C","C/C","C/C","C/C","C/C","C/C","C/C","C/C","C/C","C/C","C/C","C/C","C/C","C/C","C/C","C/C","C/C","C/C","C/C","C/C","C/C","C/C","C/C","C/C","C/C","C/C","-/-","C/C","C/C","C/C","C/C","C/C","C/C","C/C","C/C","C/C","C/C","C/C","C/C","C/C","C/C","C/C","C/C","C/C","C/C","C/C","C/C","C/C","C/C","C/C","C/C","C/C","C/C","C/C","C/C","C/C","C/C","C/C","C/C","C/C","C/C","C/C","C/C","C/C","C/C","C/C","C/C","C/C","C/C","C/C","C/C","C/C","C/C","C/C","C/C","C/C","C/C","C/C","C/C","C/C","C/C","C/C","C/C","C/C","C/C","C/C","C/C","C/C","C/C","C/C","C/C","C/C","C/C","C/C","-/-","C/C","C/C","C/C","C/C","C/C","C/C","C/C","C/C","C/C","C/C","C/C","C/C","C/C","C/C","C/C","C/C","C/C","C/C","C/C","C/C","C/C","C/C","C/C","C/C","C/C","C/C","C/C","C/C","C/C","C/C","C/C","C/C","C/C","C/C","C/C","C/C","C/C","C/C","C/C","C/C","C/C","C/C","C/C","C/C","C/C","C/C","C/C","C/C","C/C"
"793","PZB00153.5","4","122795210","A/A","A/A","A/A","A/A","A/A","A/A","A/A","A/A","A/A","A/A","A/A","A/A","A/A","A/A","A/A","A/A","A/A","A/A","A/A","A/A","A/A","A/A","A/A","A/A","A/A","A/A","A/A","A/A","A/A","A/A","A/A","A/A","A/A","A/A","A/A","A/A","A/A","A/A","A/A","A/T","A/A","A/A","A/A","A/A","A/A","A/A","A/A","A/A","A/A","A/A","A/A","A/A","A/A","A/A","A/A","A/A","A/A","A/A","A/T","A/A","A/T","A/A","A/A","A/A","A/A","A/A","A/A","A/A","A/A","A/A","A/A","A/A","A/A","A/A","A/A","-/-","A/A","A/A","A/A","A/A","A/A","A/A","A/A","A/A","A/A","A/A","A/A","A/A","A/A","A/A","A/A","A/A","A/A","A/A","A/A","A/A","A/A","A/A","A/A","A/A","A/A","A/A","A/A","A/A","A/A","A/A","A/A","A/A","A/A","A/A","A/A","-/-","A/A","A/A","A/A","A/A","A/A","A/A","A/A","A/A","A/A","A/A","A/A","A/A","A/A","A/A","A/A","A/A","A/A","A/A","A/A","A/A","A/A","A/A","A/A","A/A","A/A","A/A","A/A","A/A","A/A","A/A","A/A","A/A","A/A","A/A","A/A","A/A","A/A","A/A","A/A","A/A","A/A","A/A","A/A","A/A","A/A","A/A","A/A","A/A","A/A","A/A","A/A","A/A","A/A","A/A","A/A","A/A","A/A","A/A","A/A","A/A","A/A","A/A","A/A","A/A","A/A","A/A","A/A","A/A","A/A","A/A","A/A","A/A","A/T","A/A","A/A","A/A","A/A","A/A","A/A","A/A","A/A","A/A","-/-","A/A","A/A","A/A","A/A","A/A","A/A","A/A","A/A","A/A","A/A","A/A","-/-","A/A","A/A","A/A","A/A","A/A","A/A","A/A","A/A","A/A","A/A","A/A","A/A","A/A","A/A","A/A","A/A","A/A","A/A","A/A","A/A","A/A","A/A","A/A","A/A","A/A","A/A","A/A","A/A","A/A","A/A","A/A","A/A","A/A","A/A","A/A","A/A","A/A","A/A","A/A","A/A","A/A","A/A","A/A","A/A","A/A","A/A","A/A","A/A","A/A","A/A","A/A","A/A","A/A","A/A","A/A","A/A","A/A","A/A","A/A","A/A","A/A","A/A","A/A","A/A","A/A","A/A","A/A","A/A","A/A","A/A","A/A","A/A","A/A","A/A","A/A","A/A","A/A","A/A","A/A","A/A","A/A","A/A","A/A","A/A","A/A","A/A","A/A","A/A","A/A","A/A","A/A","A/A","A/A","A/A","A/A","A/A","-/-","A/A","A/A","A/A","A/A","A/A","A/A","A/A","A/A","A/A","A/A","A/A","A/A","A/A","A/A","A/A","A/A","A/A","A/A","A/A","A/A","A/A","A/A","A/A","A/A","A/A","A/A","A/A","A/A","A/A","A/A","A/A","A/A","A/A","A/A","A/A","A/A","A/A","A/A","A/A","A/A","A/A","A/A","A/A","A/A","A/A","A/A","A/A","A/A","A/A","A/A","A/A","A/A","A/A","A/A","A/A","A/A","A/A","A/A","A/A","A/A","A/A","A/A","A/A","A/A","A/A","A/A","A/A","A/A","A/A","A/A","A/A","A/A","A/A","A/A","A/A","A/A","A/A","A/A","A/A","A/A","A/A","A/A","A/A","A/A","A/A","A/A","A/A","A/A","A/A","A/A","A/A","A/A","A/A","A/A","A/A","A/A","A/A","A/A","A/A","A/A","A/A","A/A","A/A","A/A","A/A","A/A","A/A","A/A","A/A","A/A","A/A","A/A","A/A","A/A","A/A","A/A","A/A","A/A","A/A","A/A","A/A","A/A","A/A","A/A","A/A","A/A","A/A","A/A","A/A","A/A","A/A","A/A","A/A","A/A","A/A","A/A","A/A","A/A","A/A","A/A","A/A","A/A","A/A","A/A","A/A","A/A","A/A","A/A","A/A","A/A","A/A","A/A","A/A","A/A","A/A","A/A","A/A","A/A","A/A","A/A","A/A","A/A","A/A","A/A","A/T","A/A","A/T","A/A","A/A","A/A","A/A","A/A","A/A","A/A","A/A","A/A","A/T","A/A","A/A","A/T","A/T","A/A","A/A","A/A","A/A","A/A","A/A","A/A","A/A","A/A","A/A","A/A","A/A","A/T","A/A","A/A","A/A","A/A","A/T","A/A","A/A","A/A","A/A","A/A","A/A","A/A","A/A","A/T","A/A","A/A","A/A","A/A","A/A","A/A","A/A","A/A","A/A","A/A","A/A","A/A","A/A","A/A","A/T","A/A","A/A","A/A","A/A","A/A","A/A","A/A","A/A","-/-","A/A","A/A","A/A","A/A","A/A","A/A","A/A","A/A","A/A","A/A","A/A","A/A","A/A","A/A","A/A","A/A","A/A","A/A","A/A","A/A","A/A","A/A","A/A","A/A","A/A","A/A","A/A","A/A","A/A","A/A","A/A","A/A","A/A","A/A","A/A","A/A","A/A","A/A","A/A","A/A","A/A","A/A","A/A","A/A","A/A","A/A","A/A","A/A","A/A","A/A","A/A","A/A","A/A","A/A","A/A","-/-","A/A","A/A","A/A","A/A","A/A","A/A","A/A","A/A","A/A","A/A","A/A","A/A","A/A","A/A","A/A","A/A","A/A","A/A","A/A","A/A","A/A","A/A","A/A","A/A","A/A","A/A","A/A","A/A","A/A","A/A","A/A","A/A","A/A","A/A","-/-","A/A","A/A","A/A","A/A","A/A","A/A","A/A","A/A","A/A","A/A","A/A","A/A","A/A","A/A","A/A","A/A","A/A","A/A","A/A","A/A","A/A","A/A","A/A","A/A","A/A","A/A","A/A","A/A","A/A","A/A","A/A","A/A","A/A","A/A","A/A","A/A","A/A","A/A","A/A","A/A","A/A","A/A","A/A","A/A","A/A","A/A","A/A","A/A","A/A","A/A","A/A","A/A","A/A","A/A","A/A","A/A","A/A","A/A","A/A","A/A","A/A","A/A","A/A","A/A","A/A","A/A","A/A","A/A","A/A","A/A","A/A","A/A","A/A","A/A","A/A","A/A","A/A","A/A","A/A","A/A","A/A","A/A","A/A","A/A","A/A","A/A","A/A","A/A","A/A","A/A","A/A","A/A","A/A","A/A","A/A","A/A","A/A","A/A","A/A","A/A","A/A","A/A","A/A","A/A","A/A","A/A","A/A","A/A","A/A","A/A","A/A","A/A","A/A","A/A","A/A","A/A","A/A","A/A","A/A","A/A","A/A","A/A","A/A","A/A","A/A","A/A","A/A","A/A","A/A","A/A","A/A","A/A","A/A","A/A","A/A","A/A","A/A","A/A","A/A","A/A","A/A","A/A","A/A","A/A","A/A","A/A","A/A","A/A","A/A","A/A","A/A","A/A","A/A","A/A","A/A","A/T","A/A","A/A","A/A","A/A","A/A","A/A","A/A","A/A","A/A","A/A","A/A","A/A","A/A","A/A","A/A","A/A","A/A","A/A","A/A","A/A","A/A","A/A","A/A","A/A","A/A","A/A","A/A","A/A","A/A","A/A","A/A","A/A","A/A","A/A","A/A","-/-","A/T","A/A","A/A","A/A","A/A","A/A","A/A","A/A","A/A","A/A","A/A","A/A","A/A","A/A","A/A","A/A","A/A","A/A","-/-","A/A","A/A","A/A","A/A","A/A","A/A","A/A","A/T","A/A","A/A","A/A","A/A","A/A","A/A","A/A","A/A","A/A","A/A","A/A","A/A","A/A","A/A","A/A","A/A","A/A","A/A","A/A","A/A","A/A","A/A","A/A","A/A","A/A","A/A","A/A","A/A","A/A","A/A","A/A","A/A","A/A","A/A","A/A","A/A","A/A","A/A","A/A","A/A","A/A","A/A","A/A","A/A","A/A","A/A","A/A","A/A","A/A","A/A","A/A","A/A","A/A","A/A","A/A","A/A","A/A","A/A","A/A","A/A","A/A","A/A","A/A","A/A","A/A","A/A","A/A","A/A","A/A","A/A","A/A","A/A","A/A","A/A","A/A","A/A","A/T","A/A","A/A","A/A","A/A","A/A","A/A","A/A","A/A","A/A","A/A","A/A","A/A","A/A","A/A","A/A","A/A","A/A","A/A","A/A","A/A","A/A","A/A","A/A","A/A","A/A","A/A","A/A","A/A","A/A","A/A","A/A","A/A","A/A","A/A","A/A","A/A","A/A","A/A","A/A","A/A","A/A","A/A","A/A","A/A","A/A","A/A","A/A","A/A","A/A","A/A","A/A","A/A"
"68","PZA00092.1","4","113503659","C/C","C/C","C/C","C/C","C/C","C/T","C/C","C/C","C/C","C/C","C/C","C/T","C/C","T/T","C/C","C/C","C/T","C/T","-/-","C/T","C/T","-/-","C/T","C/C","C/C","C/T","-/-","C/C","-/-","C/C","C/C","C/C","C/T","C/C","C/T","C/T","C/T","C/C","C/C","-/-","C/T","C/C","C/C","C/C","T/T","-/-","C/T","C/T","C/T","C/T","C/T","C/C","-/-","C/T","C/T","C/T","C/T","C/T","C/T","C/C","-/-","C/C","C/T","C/C","-/-","C/T","C/T","T/T","C/C","-/-","C/C","C/C","C/C","C/T","C/C","C/C","C/T","C/T","C/C","-/-","-/-","C/T","-/-","C/C","C/C","C/C","C/T","C/T","C/C","C/C","-/-","C/T","C/T","C/C","C/C","C/C","C/T","C/C","-/-","C/C","C/C","C/T","C/C","-/-","C/C","-/-","C/C","T/T","C/T","C/C","T/T","-/-","C/C","C/C","C/C","T/T","C/C","T/T","C/C","C/C","-/-","C/C","-/-","-/-","C/C","-/-","C/C","C/T","C/C","-/-","-/-","-/-","C/C","T/T","T/T","C/C","T/T","C/C","T/T","C/C","C/T","C/C","T/T","C/C","C/T","T/T","C/T","C/C","C/T","C/T","-/-","C/C","-/-","C/C","C/C","C/C","-/-","C/T","T/T","C/C","C/C","T/T","C/C","C/T","C/C","C/C","C/C","C/C","C/C","C/C","C/T","C/C","C/C","C/C","C/C","C/C","C/C","C/C","C/C","C/C","C/C","C/C","C/C","C/C","C/C","C/C","C/C","C/T","C/C","C/T","T/T","-/-","C/C","C/C","-/-","C/C","C/C","C/C","C/C","C/C","C/C","-/-","C/C","C/C","C/T","C/C","C/C","-/-","-/-","C/C","C/C","C/C","C/C","C/C","C/C","C/T","C/C","C/C","C/C","C/C","C/C","C/C","C/C","C/C","C/C","C/C","C/C","C/C","-/-","C/C","C/C","C/C","-/-","C/C","C/C","C/C","C/C","C/C","C/C","C/T","C/C","C/T","C/C","C/C","C/C","C/C","C/C","C/T","C/C","C/C","C/C","C/C","C/T","C/C","C/C","-/-","C/C","C/C","C/C","C/C","-/-","C/T","C/C","-/-","C/C","-/-","C/C","-/-","C/C","C/C","C/C","C/C","C/C","-/-","C/C","-/-","C/C","C/T","C/C","C/C","C/T","C/T","C/C","C/C","C/C","C/C","-/-","C/C","C/C","C/C","C/C","C/C","C/C","C/C","C/C","C/C","C/C","C/C","C/C","-/-","C/C","C/T","-/-","C/C","C/C","-/-","C/C","C/C","C/C","C/T","-/-","C/C","C/C","C/C","C/T","C/C","-/-","C/C","C/C","C/C","C/C","C/T","C/C","C/C","C/C","-/-","C/T","C/C","C/C","C/C","C/C","C/C","C/C","C/C","C/C","C/C","C/C","C/C","C/C","C/C","C/C","-/-","C/C","C/C","C/C","C/C","C/C","T/T","-/-","C/C","-/-","C/C","-/-","C/C","C/T","C/C","C/T","C/C","C/C","C/C","-/-","C/C","-/-","C/C","C/C","C/C","C/C","C/C","C/C","C/C","C/C","-/-","C/C","C/C","C/C","-/-","C/C","C/C","C/C","C/C","C/C","C/C","C/T","C/C","C/C","C/C","C/C","C/C","C/T","C/C","C/T","-/-","C/C","C/C","C/C","C/C","C/T","C/C","-/-","C/C","C/C","C/C","C/C","C/C","C/C","C/C","C/T","C/C","C/C","C/C","C/C","C/C","C/C","C/C","C/C","C/C","C/C","C/C","-/-","C/C","C/T","C/T","T/T","-/-","-/-","T/T","C/C","C/C","C/C","C/C","C/C","-/-","C/C","C/C","C/C","-/-","C/C","C/T","C/C","C/C","C/C","C/C","-/-","-/-","C/C","C/C","C/T","C/C","C/C","C/C","C/C","C/T","C/C","-/-","-/-","C/C","-/-","C/C","C/C","C/C","C/T","C/C","C/T","C/T","-/-","-/-","C/T","C/C","C/C","C/C","C/C","C/T","C/C","C/C","-/-","C/C","C/T","-/-","-/-","C/C","C/T","C/T","C/C","C/C","C/T","C/C","C/C","C/C","C/C","C/T","-/-","C/C","-/-","C/C","C/T","-/-","C/C","C/C","C/C","C/T","-/-","C/C","-/-","C/C","C/C","-/-","C/C","C/C","C/C","C/T","C/C","C/C","-/-","C/C","C/C","C/C","C/C","C/C","C/C","C/C","-/-","C/C","-/-","C/C","C/C","C/C","-/-","-/-","C/C","C/T","C/C","-/-","C/C","C/T","C/C","C/T","-/-","C/T","C/C","C/C","C/T","C/C","C/C","C/T","C/C","T/T","T/T","C/C","T/T","C/C","C/C","C/T","C/C","-/-","-/-","-/-","C/C","C/C","C/C","C/C","C/C","C/C","C/T","C/C","C/C","C/C","-/-","C/C","C/C","C/C","-/-","C/C","C/C","-/-","C/C","C/C","C/C","C/C","T/T","T/T","C/C","C/C","C/C","C/C","C/C","C/C","C/C","C/C","C/C","C/C","C/C","C/C","C/C","C/C","C/C","-/-","-/-","C/C","C/C","-/-","C/C","C/C","C/C","-/-","C/C","C/C","C/C","-/-","-/-","C/C","C/C","C/C","C/C","C/C","C/C","C/C","C/T","C/C","C/C","T/T","C/T","C/T","C/T","C/C","C/C","C/C","-/-","-/-","C/C","C/C","C/C","C/T","C/C","-/-","C/C","C/T","C/T","-/-","C/C","C/C","C/C","C/T","C/C","C/C","C/C","-/-","C/C","C/T","C/T","C/T","T/T","C/T","C/C","T/T","C/C","C/C","C/C","T/T","C/T","C/C","-/-","C/T","-/-","C/C","C/C","C/T","C/C","C/C","C/C","C/T","C/T","C/T","C/C","C/C","-/-","C/C","C/T","-/-","-/-","C/C","C/C","C/C","-/-","C/C","C/C","-/-","C/T","C/C","T/T","-/-","C/C","C/T","C/T","C/T","-/-","C/C","-/-","C/C","C/C","C/C","-/-","C/C","C/C","C/C","C/C","C/C","C/C","C/C","C/C","C/C","C/T","C/T","-/-","-/-","C/C","C/C","C/C","C/C","C/T","C/C","C/C","T/T","C/C","-/-","C/T","C/C","-/-","C/C","-/-","C/C","C/C","C/C","C/C","C/C","C/C","C/C","C/C","C/C","C/C","C/C","C/C","C/T","C/T","C/C","T/T","-/-","C/T","-/-","-/-","C/T","C/T","C/C","-/-","-/-","C/C","C/C","C/C","-/-","C/C","C/C","C/C","C/C","C/C","C/T","-/-","C/C","C/T","C/C","C/C","C/C","-/-","C/C","-/-","C/T","-/-","-/-","C/C","-/-","-/-","C/C","C/C","C/T","C/C","C/C","-/-","C/C","C/C","C/C","C/C","C/C","C/C","C/C","C/C","C/C","C/C","C/C","C/C","-/-","C/T","C/C","-/-","-/-","C/C","C/C","C/C","C/C","C/C","C/C","C/C","C/T","C/C","C/C","C/C","C/C","C/C","C/C","-/-","C/C","C/C","C/C","C/C","C/C","C/C","C/C","C/C","C/C","C/C","C/C","-/-","C/C","C/C","C/C","-/-","C/C","-/-","C/C","C/C","C/C","C/C","C/C","C/C","-/-","C/C","C/C","C/C","C/T","C/C","C/T","-/-","C/C","C/C","C/C","C/C","C/C","C/C","C/C","C/C","T/T","-/-","C/C","C/C","-/-","-/-","-/-","-/-","C/C","C/C","-/-","C/C","C/C","C/C","C/T","C/C","C/C","-/-","C/C","C/C","C/C","-/-","C/C","C/C","C/C","-/-","C/T","C/C","C/T","C/C","C/C","-/-","C/T","C/C","C/T","C/C","C/T","-/-","-/-","C/C","C/C","-/-","-/-","C/C","C/C","C/T","C/C","T/T","C/C","C/T","C/T","T/T","C/T","C/C","C/C","C/C","C/C","C/C","C/C","C/C","C/C","C/C","C/C","C/C","C/C","C/C","C/C","C/C","C/C","C/C","C/C","C/C","C/C","C/C","C/C","C/C","C/C","C/C","C/C","C/C","C/C","C/C","C/C","C/C","C/C","T/T","T/T","C/T","C/T","C/C","C/C","C/C","C/C","C/C","T/T","T/T","T/T","T/T","C/C","C/C","C/C","C/C","C/C","C/C","C/C","C/C","C/C","C/C","C/C","C/C","C/C","C/C","C/C","C/C","C/C","C/C","C/C","C/C"
"69","PZA00092.5","4","113503635","C/C","C/C","C/C","C/C","C/C","C/C","C/C","C/C","C/C","C/C","C/C","C/C","C/C","C/C","C/C","C/C","C/C","C/C","C/C","C/C","C/C","C/C","C/C","C/C","C/C","C/C","C/C","C/C","C/C","C/C","C/C","C/C","C/C","-/-","C/C","C/C","C/C","C/C","C/C","C/C","C/C","C/C","C/C","C/C","C/C","C/C","C/C","C/C","C/C","C/C","C/C","C/C","C/C","C/C","C/C","C/C","C/C","C/C","C/C","C/C","C/C","C/C","C/C","C/C","C/C","C/C","C/C","C/C","C/C","C/C","C/C","C/C","C/C","C/C","C/C","C/C","C/C","C/C","C/C","C/C","C/C","C/C","C/C","C/C","C/C","C/C","C/C","C/C","C/C","C/C","C/C","C/C","C/C","C/C","C/C","C/C","C/C","C/C","-/-","C/C","C/C","C/C","C/C","C/C","C/C","C/C","C/C","C/C","C/C","C/C","C/C","C/C","C/C","C/C","C/C","C/C","C/C","C/C","C/C","C/C","C/C","C/C","C/C","C/C","C/C","C/C","C/C","C/C","C/C","C/C","C/C","C/C","C/C","C/C","C/C","C/C","C/C","C/C","C/C","C/C","C/C","C/C","C/C","C/C","C/C","C/C","C/C","C/C","C/C","C/C","C/C","C/C","-/-","C/C","C/C","C/C","C/C","C/C","C/C","C/C","C/C","C/C","C/C","C/C","C/C","C/C","C/C","C/C","C/C","C/C","C/C","C/C","C/T","C/C","C/C","C/C","C/C","C/C","C/C","C/C","C/C","C/C","C/C","C/C","C/C","C/C","C/C","C/C","C/C","C/C","C/C","C/C","C/C","C/T","C/C","C/C","C/C","C/T","C/C","C/C","C/C","C/C","C/C","C/C","C/C","C/C","C/C","C/C","C/C","C/C","C/C","C/C","C/C","C/C","C/C","C/C","C/C","C/C","C/C","C/C","C/C","C/C","C/C","C/C","C/C","C/T","C/C","C/C","C/T","C/C","C/C","C/C","C/C","C/C","C/C","C/C","C/C","C/T","C/C","C/C","C/C","C/C","C/C","C/C","C/C","C/C","C/T","C/C","C/C","C/C","C/C","C/C","C/C","C/T","C/C","C/C","C/C","C/C","-/-","C/C","C/C","C/C","C/T","C/C","C/C","C/C","C/C","C/C","C/C","C/C","-/-","C/C","C/T","C/T","T/T","C/C","C/T","C/C","C/C","C/C","C/C","C/C","T/T","C/C","C/C","C/T","C/C","C/T","C/T","C/C","C/T","C/C","C/C","C/T","C/T","C/C","C/C","C/T","C/T","C/C","C/C","C/C","C/C","C/C","C/C","C/C","C/C","C/C","C/T","C/T","C/C","C/C","C/C","C/C","C/C","C/C","C/C","C/C","C/C","C/C","C/C","C/C","C/C","C/C","C/C","C/C","C/C","C/C","C/C","C/C","C/C","C/C","C/C","C/C","C/C","C/C","C/C","C/C","C/C","C/C","C/C","C/C","C/C","C/C","C/C","C/C","C/C","C/C","C/C","C/C","C/C","C/C","C/C","C/C","C/C","C/C","C/C","C/C","C/C","C/C","C/C","C/C","C/C","C/C","C/C","T/T","C/C","C/C","C/C","C/C","C/C","C/C","C/C","C/C","C/C","C/C","C/C","C/C","C/C","C/C","C/C","C/C","C/C","C/C","C/C","C/C","C/C","C/C","-/-","C/C","C/C","C/C","C/C","C/C","C/C","C/C","C/C","C/C","C/C","C/C","C/C","C/C","C/C","C/C","C/C","C/C","C/C","C/C","C/C","C/C","C/C","C/C","C/C","C/C","C/C","C/C","C/C","C/C","C/C","C/C","C/C","C/C","C/C","C/C","C/C","C/C","C/C","C/C","C/C","C/C","C/C","C/C","C/C","C/C","C/C","C/C","C/C","C/C","C/C","C/C","C/C","C/C","C/C","C/C","C/C","C/C","C/C","C/C","C/C","C/C","C/C","C/C","C/C","C/C","C/C","C/C","C/C","C/C","C/C","C/C","C/C","C/C","C/C","C/C","C/C","C/C","C/C","C/C","C/C","C/T","C/C","C/C","C/C","C/C","C/C","C/C","C/C","C/C","C/C","C/C","C/T","C/C","C/C","C/C","C/C","C/C","C/C","C/C","C/C","C/C","C/C","C/C","C/C","C/C","C/C","C/C","C/C","C/C","C/C","C/C","C/C","C/C","C/C","C/C","C/C","C/C","C/C","C/C","C/C","C/C","C/C","C/C","C/C","C/C","C/C","C/C","C/C","C/C","C/C","C/C","C/C","C/C","C/C","C/C","C/C","-/-","C/C","C/C","C/C","C/C","C/C","C/C","C/C","C/C","C/C","C/C","C/C","C/C","C/C","-/-","C/C","C/C","C/C","C/C","C/C","C/C","C/C","C/C","C/C","C/C","C/C","C/C","C/C","C/C","C/C","C/C","C/C","C/C","C/C","C/C","C/C","C/C","C/C","C/C","C/C","C/C","C/C","C/C","C/C","C/C","C/C","C/C","C/C","C/C","C/C","C/C","C/C","C/C","C/C","C/C","C/C","C/C","C/C","C/C","C/T","C/C","C/C","C/C","C/C","C/T","C/C","C/C","C/C","C/C","C/T","C/C","C/C","C/C","C/C","C/C","C/C","C/C","C/C","C/C","C/C","C/C","C/T","C/C","C/C","C/C","-/-","C/C","C/C","C/C","C/C","C/C","C/C","C/C","C/C","C/C","C/C","C/C","C/C","C/C","C/C","C/C","C/C","C/C","C/C","C/C","C/C","C/C","C/C","C/C","C/C","C/C","C/C","C/C","C/C","C/C","C/C","C/C","C/T","C/T","C/C","C/C","C/T","C/C","C/C","C/C","C/C","C/T","C/C","C/C","C/C","C/C","C/T","C/C","C/C","C/C","C/C","C/C","C/C","C/C","C/T","C/C","-/-","C/C","C/T","C/C","C/C","C/C","C/C","C/C","C/C","C/T","C/C","C/C","C/C","C/C","C/C","C/C","C/C","C/T","C/C","C/C","C/C","C/C","C/C","C/C","C/C","C/C","C/C","C/C","C/C","C/C","C/T","C/C","C/C","C/C","C/C","C/C","C/C","C/C","C/C","C/T","C/C","C/C","C/C","C/C","C/C","C/C","C/C","C/C","C/C","C/T","C/C","C/C","C/C","C/C","C/C","C/C","C/T","C/C","C/T","C/C","C/C","C/C","C/C","C/C","C/C","C/C","C/C","C/C","C/C","C/C","C/C","C/C","C/C","C/C","C/C","C/C","C/C","C/C","C/C","C/C","C/C","C/C","C/C","C/C","C/C","C/C","C/C","C/C","C/C","C/C","C/C","C/C","C/C","C/C","C/C","C/C","C/C","C/C","C/C","C/C","C/C","C/C","C/C","C/C","C/C","C/C","C/C","C/C","C/C","C/C","C/C","C/C","C/C","C/C","C/C","C/C","C/C","C/C","C/C","C/C","C/C","C/C","C/C","C/C","C/C","C/C","C/C","C/C","C/T","C/C","C/C","C/C","C/C","C/C","C/C","C/C","C/C","C/C","C/C","C/C","C/C","C/C","C/C","C/C","C/C","C/C","C/C","C/C","C/C","C/T","C/C","C/C","C/C","C/C","C/C","C/C","C/C","C/C","C/C","C/C","C/C","C/C","C/C","C/C","C/C","C/C","C/C","C/C","C/C","C/C","C/C","C/C","C/C","C/C","C/C","C/C","C/C","C/C","C/C","C/C","C/C","C/C","C/C","C/C","C/C","C/C","C/C","C/C","C/C","C/C","C/C","-/-","C/C","C/C","C/C","C/C","C/C","C/C","C/C","C/C","C/C","C/C","C/C","C/C","C/C","C/C","C/C","C/C","C/C","C/C","C/C","C/C","C/C","C/C","C/C","C/C","C/C","C/C","C/C","C/C","C/C","C/C","C/C","C/C","C/C","C/C","C/C","-/-","C/C","C/C","C/C","C/C","C/C","C/C","C/C","C/C","C/C","C/C","C/C","C/C","C/C","C/C","C/C","C/C","C/C","C/C","C/T","C/T","C/C","C/T","C/C","C/C","C/C","C/T","C/T","C/T","C/C","C/T","C/T","C/T","C/C","C/C","C/C","C/C","C/C","C/C","C/T","C/T","C/C","C/C","C/C","C/C","C/C","T/T","T/T","T/T","C/C","C/C","C/C","C/C","C/C","C/C","C/C","T/T","T/T","C/C","-/-","-/-","C/C","C/C","C/C","C/C","C/C","C/C","C/C","C/C","C/C","C/C","C/C","C/T","C/C","C/C","C/C","C/C","C/C","C/C","C/C","C/C","C/C"
"436","PZA00630.9","4","103665461","G/G","-/-","A/G","A/G","A/A","A/G","A/A","A/G","A/A","G/G","G/G","G/G","A/G","A/G","A/G","A/G","A/A","A/A","A/A","A/A","A/A","G/G","A/G","A/A","A/A","A/A","A/A","A/A","A/A","A/G","A/A","A/A","A/A","A/A","A/A","A/A","A/A","A/A","A/A","-/-","A/A","-/-","A/G","A/A","A/A","-/-","A/A","A/A","A/G","A/A","A/A","-/-","A/A","A/G","A/A","G/G","A/A","A/A","G/G","A/A","A/G","A/A","A/G","-/-","-/-","A/A","A/A","A/A","A/A","A/G","A/A","A/A","A/A","A/A","A/A","A/A","A/A","A/A","A/A","A/A","A/A","A/A","G/G","G/G","A/G","A/A","A/A","A/G","G/G","A/G","A/A","A/G","G/G","A/G","A/A","-/-","A/G","G/G","A/A","A/A","A/G","A/G","A/A","A/A","G/G","A/A","A/A","A/G","A/A","A/A","A/A","A/A","G/G","A/A","A/G","A/A","A/G","G/G","A/G","G/G","G/G","A/A","A/A","-/-","G/G","A/G","-/-","G/G","A/A","G/G","A/A","A/A","G/G","A/A","-/-","G/G","A/A","G/G","A/G","-/-","-/-","A/G","A/G","-/-","-/-","-/-","G/G","G/G","G/G","G/G","G/G","G/G","A/A","G/G","-/-","G/G","G/G","G/G","G/G","G/G","G/G","A/A","A/A","A/G","A/A","G/G","A/G","A/A","A/A","A/A","G/G","A/A","A/A","A/A","A/G","A/G","G/G","A/A","A/A","A/A","A/A","G/G","G/G","A/G","A/G","A/A","A/A","A/A","A/A","A/A","A/A","A/A","A/G","A/A","-/-","-/-","A/A","A/A","A/A","A/A","A/A","A/A","A/A","A/A","A/A","A/A","A/G","A/A","A/A","A/G","A/G","A/A","A/A","-/-","A/A","A/A","A/A","A/A","A/G","A/A","A/G","A/A","A/A","A/G","A/A","A/A","-/-","A/G","A/G","A/A","-/-","A/A","A/G","A/A","A/A","-/-","A/A","A/G","A/A","A/G","A/A","-/-","A/A","A/G","A/A","A/A","A/A","G/G","A/G","A/A","-/-","A/A","A/G","A/A","A/A","A/G","A/G","A/A","A/A","A/G","A/G","A/G","A/A","-/-","G/G","G/G","A/G","A/G","-/-","A/A","A/A","A/A","A/A","A/A","A/A","A/A","A/A","A/G","A/A","A/G","G/G","A/A","A/A","-/-","A/A","A/A","A/A","A/G","A/A","A/G","A/A","A/A","-/-","A/A","A/A","A/A","A/A","A/A","A/A","A/A","A/A","A/A","A/G","A/A","A/A","A/A","A/A","A/A","A/A","A/A","A/A","A/G","A/A","A/A","A/G","A/A","A/G","A/A","A/G","A/A","A/G","A/A","A/A","A/A","A/A","A/A","A/A","A/A","A/A","A/A","A/A","A/G","A/A","A/A","A/G","A/A","A/G","-/-","G/G","A/A","G/G","G/G","A/G","A/G","A/A","A/G","G/G","A/A","A/G","A/A","A/A","A/A","G/G","A/A","A/A","A/G","-/-","A/A","A/A","A/G","A/A","-/-","A/A","A/A","A/A","A/A","A/A","A/A","A/A","A/A","-/-","A/A","A/A","A/A","A/G","A/A","A/G","A/A","A/A","A/A","A/A","A/G","A/A","A/A","A/A","A/A","A/A","A/A","A/A","A/G","A/G","A/A","A/A","A/A","A/A","A/A","A/A","A/A","A/A","A/A","A/A","-/-","A/A","A/G","A/A","A/A","A/A","A/A","A/G","A/A","A/A","A/A","A/A","A/A","A/G","-/-","A/A","A/A","A/A","A/A","A/A","A/A","A/A","A/A","A/A","A/A","A/A","A/A","A/A","A/A","A/G","-/-","A/G","A/A","A/A","A/A","A/A","A/A","A/A","A/A","A/A","A/A","A/A","A/A","A/G","A/A","A/A","A/A","A/A","-/-","A/A","A/A","A/A","A/G","A/A","A/A","A/A","A/A","A/G","A/G","A/A","A/A","G/G","A/A","-/-","A/A","A/A","A/A","A/A","-/-","A/A","-/-","A/G","A/A","A/A","A/G","A/A","A/A","A/A","-/-","A/G","A/A","G/G","A/A","A/A","A/G","A/A","A/A","A/A","A/A","A/A","A/A","A/A","A/A","A/A","A/A","A/A","A/A","A/A","A/A","-/-","A/A","A/A","A/A","A/A","A/A","A/A","A/A","A/G","A/A","-/-","A/A","A/A","A/G","A/A","A/A","A/A","A/A","A/A","A/A","A/G","A/G","-/-","A/A","A/G","A/A","-/-","A/A","A/G","A/A","G/G","G/G","A/G","A/A","A/G","A/A","A/A","A/A","A/A","A/A","A/A","G/G","A/A","A/G","A/A","A/A","A/A","A/A","A/G","G/G","A/G","A/A","-/-","A/A","A/G","A/A","A/A","A/A","A/A","A/A","-/-","A/A","A/A","A/A","A/A","A/A","A/A","A/A","G/G","A/A","A/A","A/G","A/A","G/G","A/G","A/A","A/G","A/A","A/G","A/A","A/G","A/G","G/G","A/G","A/G","A/A","A/A","A/G","G/G","-/-","A/A","A/A","A/A","G/G","A/A","A/G","A/A","G/G","A/G","A/A","A/A","A/A","A/G","A/A","A/A","A/A","A/A","A/G","A/G","A/G","A/A","A/G","A/A","-/-","A/A","A/A","A/A","A/A","A/G","A/A","A/A","A/A","A/A","A/A","A/A","A/G","A/G","-/-","A/G","A/A","A/A","A/A","A/A","A/A","A/A","-/-","A/A","A/A","A/A","A/G","A/A","A/A","A/A","A/G","A/A","A/A","A/A","A/G","A/G","A/G","G/G","A/A","A/G","A/G","A/A","A/A","-/-","A/A","A/A","A/A","A/G","A/G","-/-","A/A","A/A","A/G","A/A","A/A","A/A","G/G","G/G","G/G","A/A","-/-","A/A","A/G","A/G","A/A","A/A","A/A","A/A","A/A","A/G","G/G","A/A","A/A","A/A","A/G","A/G","A/G","A/G","A/A","A/G","A/A","A/A","A/A","A/A","A/A","A/A","A/A","A/G","A/A","A/G","A/A","-/-","A/A","A/A","A/A","A/G","A/A","A/A","A/G","-/-","A/A","A/A","A/A","A/A","A/G","A/A","A/A","A/A","A/G","A/A","A/A","A/A","A/A","A/A","A/A","A/G","A/G","A/A","A/G","A/A","A/A","A/A","A/A","A/A","A/A","A/A","-/-","A/A","A/A","A/A","A/A","A/A","A/A","A/G","A/A","A/A","A/A","A/A","A/A","A/A","A/A","A/A","A/A","A/G","A/G","A/A","A/A","A/A","A/A","A/G","-/-","G/G","-/-","A/A","A/A","A/A","A/A","-/-","A/A","A/A","A/A","A/A","-/-","A/G","A/A","A/A","A/A","A/A","A/A","A/G","A/A","A/G","A/G","A/A","A/A","A/A","A/A","A/A","G/G","A/A","A/G","G/G","A/G","G/G","G/G","A/G","A/A","G/G","A/G","A/A","A/G","A/A","G/G","A/G","A/G","G/G","A/G","G/G","A/A","A/G","A/G","A/A","A/A","G/G","G/G","A/G","G/G","-/-","A/A","G/G","G/G","A/G","A/G","A/G","A/G","A/A","G/G","A/G","-/-","A/G","A/G","A/G","A/A","A/G","A/A","A/A","A/A","-/-","A/G","A/A","G/G","A/G","A/A","A/G","A/G","A/G","A/G","A/G","A/G","G/G","A/G","A/G","A/A","A/G","-/-","A/A","A/A","-/-","-/-","A/G","A/A","A/A","G/G","A/G","A/A","A/G","A/G","A/A","A/G","A/A","A/A","A/A","A/A","A/A","A/A","A/A","A/A","A/A","A/A","A/G","A/A","A/A","A/G","A/A","A/G","A/A","A/A","A/A","A/A","A/A","A/A","A/A","A/A","A/A","-/-","A/A","A/A","A/G","A/G","A/G","A/A","G/G","A/G","A/G","A/G","G/G","-/-","A/A","A/G","A/G","A/G","A/G","A/G","A/G","A/A","A/A","A/G","A/G","G/G","A/A","A/G","A/A","A/G","A/A","A/A","A/A","A/A","A/A","A/A","A/G","A/G","A/A","A/A","A/A","A/A","A/A","G/G","G/G","G/G","A/A","A/A","A/A","A/G","A/A","A/A","A/A","G/G","G/G","A/A","A/A","A/A","A/A","A/A","A/A","A/A","G/G","A/A","A/A","A/A","A/A","A/A","A/A","A/G","A/A","A/A","G/G","G/G","G/G","G/G","G/G","G/G","G/G"
